16;29.513;30.416;31.481;0.390 ms
17;29.436;30.406;31.278;0.398 ms
18;29.405;30.452;34.471;0.637 ms
19;29.436;30.365;31.346;0.355 ms
20;29.499;30.488;31.498;0.393 ms
21;29.526;30.418;31.255;0.400 ms
22;29.498;30.430;31.198;0.427 ms
23;29.570;30.654;38.216;0.862 ms
24;29.459;30.627;36.765;0.781 ms
25;29.820;30.661;31.559;0.341 ms
26;29.836;30.776;31.594;0.298 ms
27;29.661;30.629;31.269;0.390 ms
28;29.923;30.590;31.585;0.314 ms
29;29.497;30.528;31.984;0.363 ms
30;29.441;30.518;31.428;0.338 ms
31;29.465;30.473;31.150;0.347 ms
32;29.599;30.616;31.403;0.327 ms
33;29.521;30.556;31.441;0.365 ms
34;29.570;30.530;31.463;0.360 ms
35;29.788;30.604;31.439;0.338 ms
36;29.667;30.609;31.220;0.309 ms
37;29.471;30.590;31.239;0.272 ms
38;29.961;30.598;31.260;0.235 ms
39;29.810;30.637;31.241;0.250 ms
40;29.455;30.611;31.296;0.362 ms
41;29.871;30.691;31.618;0.319 ms
42;29.996;30.816;31.345;0.290 ms
43;29.919;30.772;31.356;0.317 ms
44;29.581;30.784;31.632;0.372 ms
45;29.694;30.803;31.445;0.302 ms
46;29.959;30.668;31.161;0.249 ms
47;29.726;30.712;31.397;0.272 ms
48;29.761;30.654;31.593;0.297 ms
49;29.506;30.606;31.273;0.309 ms
50;29.800;30.716;31.426;0.294 ms
51;29.441;30.714;37.879;0.809 ms
52;29.696;30.627;31.377;0.306 ms
53;29.734;30.689;33.199;0.410 ms
54;29.632;30.761;32.303;0.448 ms
55;29.980;30.800;32.887;0.367 ms
56;29.512;30.540;31.482;0.474 ms
57;29.535;30.553;31.481;0.444 ms
58;29.539;30.688;31.259;0.309 ms
59;29.702;30.826;31.284;0.322 ms
60;29.773;30.787;31.535;0.406 ms
61;29.866;30.904;31.388;0.270 ms
62;29.720;30.883;31.583;0.308 ms
63;29.837;30.915;31.429;0.323 ms
64;29.704;30.990;31.501;0.317 ms
65;29.764;30.922;31.547;0.344 ms
66;29.824;30.932;31.439;0.318 ms
67;29.769;30.889;31.412;0.288 ms
68;29.839;30.911;31.944;0.347 ms
69;29.760;30.968;31.544;0.362 ms
70;29.844;31.020;31.534;0.333 ms
71;29.947;30.936;31.456;0.329 ms
72;29.830;30.931;31.929;0.393 ms
73;29.615;31.097;38.306;0.778 ms
74;29.784;30.935;31.658;0.374 ms
75;29.944;30.943;31.461;0.276 ms
76;29.844;30.809;31.673;0.397 ms
77;30.111;30.972;31.633;0.260 ms
78;29.655;30.934;31.795;0.373 ms
79;29.900;30.925;31.635;0.347 ms
80;29.468;30.717;31.276;0.429 ms
81;29.554;30.782;31.307;0.393 ms
82;29.762;30.814;31.426;0.312 ms
83;29.507;30.700;31.435;0.471 ms
84;29.573;30.640;31.401;0.487 ms
85;29.604;30.777;31.478;0.368 ms
86;29.512;30.819;32.273;0.398 ms
87;29.656;30.786;31.341;0.362 ms
88;29.640;30.818;31.406;0.327 ms
89;29.691;30.768;31.340;0.385 ms
90;29.546;30.708;31.398;0.436 ms
91;29.551;30.948;38.351;0.822 ms
92;30.074;30.908;34.664;0.454 ms
93;29.568;30.858;31.472;0.451 ms
94;29.816;30.784;31.421;0.322 ms
95;29.502;30.750;31.379;0.439 ms
96;29.628;30.821;31.633;0.341 ms
97;29.638;30.758;31.768;0.438 ms
98;29.611;30.676;31.467;0.445 ms
99;29.539;30.844;33.460;0.482 ms
100;29.717;30.854;31.512;0.321 ms
101;29.621;30.779;31.719;0.509 ms
102;30.076;31.076;31.557;0.275 ms
103;30.402;31.125;31.548;0.232 ms
104;29.648;30.848;31.570;0.488 ms
105;29.785;30.936;31.724;0.425 ms
106;29.934;31.086;31.650;0.256 ms
107;29.927;31.055;31.521;0.280 ms
108;29.992;31.037;31.697;0.317 ms
109;29.720;31.092;31.579;0.271 ms
110;29.882;31.157;31.578;0.271 ms
111;29.712;31.105;31.971;0.369 ms
112;29.922;31.068;31.863;0.382 ms
113;29.731;30.850;31.859;0.509 ms
114;29.712;30.933;31.926;0.493 ms
115;29.724;30.966;31.726;0.451 ms
116;29.769;31.123;31.894;0.323 ms
117;29.726;30.986;31.659;0.422 ms
118;30.248;31.153;32.194;0.226 ms
119;29.876;31.131;32.105;0.285 ms
120;30.217;31.104;31.662;0.249 ms
121;29.671;30.975;31.713;0.414 ms
122;29.685;30.974;31.580;0.427 ms
123;29.808;31.077;34.228;0.476 ms
124;29.729;31.103;31.674;0.295 ms
125;29.801;31.065;31.627;0.286 ms
126;30.393;31.133;31.599;0.206 ms
127;29.774;31.049;31.704;0.363 ms
128;29.786;31.125;31.727;0.316 ms
129;29.803;31.034;31.774;0.378 ms
130;29.986;31.130;31.604;0.246 ms
131;30.312;31.191;34.604;0.391 ms
132;29.537;30.947;31.388;0.322 ms
133;29.474;30.687;31.385;0.457 ms
134;29.617;30.895;31.282;0.341 ms
135;29.655;30.897;31.628;0.388 ms
136;29.747;30.943;31.503;0.326 ms
137;29.588;30.951;31.385;0.242 ms
138;29.557;30.950;33.028;0.373 ms
139;29.724;30.919;31.656;0.299 ms
140;29.692;30.657;31.748;0.440 ms
141;29.575;30.685;31.448;0.460 ms
142;29.910;30.921;31.322;0.306 ms
143;29.626;30.941;37.286;0.771 ms
144;30.208;31.061;31.443;0.211 ms
145;29.545;31.021;31.782;0.350 ms
146;29.767;30.893;31.647;0.362 ms
147;29.608;30.936;31.480;0.326 ms
148;29.652;30.887;31.556;0.358 ms
149;29.689;30.964;31.501;0.331 ms
150;29.555;30.877;31.576;0.454 ms
151;29.496;30.693;31.516;0.499 ms
152;29.614;30.786;31.486;0.440 ms
153;29.649;30.807;31.652;0.451 ms
154;29.631;30.849;31.412;0.407 ms
155;29.740;30.971;31.533;0.335 ms
156;29.629;30.928;31.564;0.326 ms
157;29.571;30.886;31.618;0.436 ms
158;29.632;30.848;31.409;0.415 ms
159;30.057;30.936;31.564;0.319 ms
160;29.848;30.943;31.595;0.288 ms
161;29.777;30.953;32.071;0.349 ms
162;29.640;30.862;31.437;0.382 ms
163;29.566;30.857;31.624;0.432 ms
164;29.548;30.828;31.537;0.432 ms
165;29.750;30.995;31.509;0.295 ms
166;29.923;30.989;31.414;0.254 ms
167;29.698;30.986;31.597;0.355 ms
168;29.760;31.057;31.645;0.416 ms
169;29.876;31.140;32.018;0.303 ms
170;29.989;31.082;31.716;0.303 ms
171;29.838;31.133;31.688;0.270 ms
172;29.797;31.136;31.792;0.377 ms
173;30.303;31.160;31.747;0.242 ms
174;29.965;31.031;31.545;0.347 ms
175;29.777;31.133;31.701;0.326 ms
176;29.982;31.150;35.149;0.490 ms
177;30.011;31.025;31.512;0.252 ms
178;29.642;31.081;31.513;0.282 ms
179;29.629;31.085;31.514;0.253 ms
180;29.888;31.116;31.778;0.241 ms
181;29.771;31.067;31.692;0.260 ms
182;30.344;31.101;31.730;0.203 ms
183;29.985;31.047;31.397;0.199 ms
184;29.771;31.026;31.590;0.307 ms
185;29.637;30.997;31.606;0.302 ms
186;29.840;31.007;31.548;0.265 ms
187;30.183;31.048;31.437;0.201 ms
188;29.663;30.919;31.577;0.393 ms
189;29.624;30.934;31.544;0.339 ms
190;30.238;31.169;32.137;0.269 ms
191;29.838;31.152;31.845;0.231 ms
192;30.001;31.052;31.444;0.260 ms
193;29.915;31.013;31.478;0.249 ms
194;29.621;31.050;31.467;0.272 ms
195;29.662;31.075;31.518;0.328 ms
196;29.746;31.197;37.237;0.654 ms
197;29.674;31.055;31.469;0.313 ms
198;29.583;31.062;31.480;0.321 ms
199;29.687;31.072;31.568;0.292 ms
200;29.646;30.987;31.612;0.336 ms
201;30.155;31.065;31.558;0.184 ms
202;29.694;31.008;31.468;0.327 ms
203;29.494;31.025;31.451;0.280 ms
204;29.699;30.969;31.483;0.338 ms
205;30.057;31.077;31.580;0.261 ms
206;29.739;31.058;31.636;0.390 ms
207;29.835;31.146;31.703;0.360 ms
208;29.650;31.220;31.698;0.320 ms
209;29.916;31.252;31.709;0.243 ms
210;30.052;31.212;31.616;0.237 ms
211;29.960;31.241;31.771;0.248 ms
212;29.906;31.192;31.753;0.319 ms
213;29.787;31.153;32.581;0.338 ms
214;29.996;31.038;31.930;0.439 ms
215;30.052;31.112;31.702;0.359 ms
216;30.089;31.207;31.645;0.276 ms
217;29.811;31.171;31.693;0.329 ms
218;30.414;31.365;37.554;0.748 ms
219;29.942;31.346;38.643;0.774 ms
220;30.120;31.237;31.855;0.273 ms
221;29.825;31.221;31.624;0.336 ms
222;30.110;31.203;34.281;0.441 ms
223;29.809;31.102;31.668;0.429 ms
224;30.192;31.221;31.714;0.261 ms
225;29.716;31.056;31.684;0.393 ms
226;29.723;31.430;66.065;3.518 ms
227;29.679;31.024;31.594;0.305 ms
228;29.633;31.048;31.716;0.332 ms
229;29.984;31.083;31.810;0.216 ms
230;29.609;31.011;31.578;0.331 ms
231;29.570;30.925;31.519;0.404 ms
232;29.707;31.034;31.414;0.288 ms
233;29.806;30.964;31.517;0.350 ms
234;29.546;30.922;31.402;0.419 ms
235;29.583;31.086;32.939;0.375 ms
236;29.621;30.963;31.545;0.379 ms
237;29.921;31.066;31.470;0.218 ms
238;29.687;31.019;31.598;0.368 ms
239;29.638;31.015;31.494;0.380 ms
240;29.969;31.171;31.642;0.366 ms
241;29.911;31.246;32.587;0.327 ms
242;29.581;31.047;32.200;0.484 ms
243;29.711;31.447;55.087;2.402 ms
244;29.606;31.047;36.281;0.610 ms
245;29.637;31.050;31.561;0.305 ms
246;29.583;30.893;31.726;0.401 ms
247;29.828;30.953;31.369;0.275 ms
248;29.576;30.986;31.445;0.348 ms
249;29.582;31.047;32.116;0.369 ms
250;29.819;30.970;31.539;0.335 ms
251;29.854;30.993;31.536;0.296 ms
252;29.577;31.170;50.394;1.964 ms
253;29.598;31.024;31.639;0.353 ms
254;29.737;30.999;36.105;0.621 ms
255;29.615;30.981;31.541;0.314 ms
256;29.575;30.920;31.719;0.380 ms
257;29.770;31.132;31.797;0.351 ms
258;29.761;31.161;35.014;0.567 ms
259;29.845;31.124;31.632;0.347 ms
260;29.660;31.073;31.875;0.469 ms
261;29.546;31.036;31.704;0.420 ms
262;29.705;31.043;40.097;0.976 ms
263;29.489;31.020;31.583;0.301 ms
264;29.496;31.055;31.557;0.336 ms
265;29.926;31.056;31.674;0.325 ms
266;29.636;31.217;54.645;2.384 ms
267;29.668;30.929;31.531;0.397 ms
268;29.540;30.999;31.429;0.305 ms
269;29.510;31.016;31.470;0.317 ms
270;30.130;30.978;31.492;0.280 ms
271;29.673;31.002;31.633;0.351 ms
272;29.602;30.979;31.587;0.379 ms
273;29.666;30.932;31.756;0.386 ms
274;29.551;31.301;44.732;1.802 ms
275;29.837;31.225;31.684;0.299 ms
276;29.675;31.193;31.742;0.318 ms
277;29.838;31.242;31.769;0.345 ms
278;29.860;31.034;32.538;0.402 ms
279;29.757;31.166;41.714;1.101 ms
280;29.773;31.031;31.552;0.334 ms
281;29.739;30.940;31.478;0.400 ms
282;29.653;31.104;36.323;0.636 ms
283;29.616;31.063;31.627;0.355 ms
284;29.754;31.091;34.991;0.471 ms
285;29.834;30.919;31.489;0.392 ms
286;29.760;31.030;31.560;0.256 ms
287;29.562;30.964;31.538;0.361 ms
288;30.152;31.187;36.416;0.620 ms
289;29.534;31.063;31.490;0.249 ms
290;29.910;31.045;31.441;0.229 ms
291;29.830;31.110;31.739;0.297 ms
292;29.852;31.104;32.593;0.334 ms
293;29.570;30.953;31.471;0.355 ms
294;29.820;31.006;31.608;0.356 ms
295;29.764;31.046;31.550;0.289 ms
296;29.587;30.955;31.783;0.374 ms
297;29.477;31.017;31.446;0.336 ms
298;29.715;30.945;31.717;0.348 ms
299;30.054;31.225;48.649;1.776 ms
300;29.697;30.947;31.596;0.363 ms
301;29.873;30.995;31.583;0.292 ms
302;29.505;31.015;31.525;0.323 ms
303;29.932;31.052;31.609;0.309 ms
304;29.670;30.974;31.613;0.378 ms
305;29.580;30.886;31.507;0.414 ms
306;29.725;31.014;31.934;0.389 ms
307;29.830;31.010;33.121;0.452 ms
308;29.879;30.995;31.669;0.337 ms
309;29.707;31.035;31.503;0.291 ms
310;29.458;30.699;31.830;0.616 ms
311;29.483;30.535;31.584;0.621 ms
312;29.673;31.013;31.489;0.294 ms
313;29.570;30.978;31.398;0.348 ms
314;29.513;30.971;31.619;0.371 ms
315;29.572;30.996;31.587;0.379 ms
316;29.784;30.944;31.446;0.323 ms
317;29.498;30.904;31.683;0.473 ms
318;29.531;30.983;31.734;0.350 ms
319;29.728;31.050;31.932;0.303 ms
320;30.196;31.083;31.608;0.251 ms
321;30.089;31.167;31.598;0.255 ms
322;30.245;31.265;32.043;0.224 ms
323;30.008;31.235;31.767;0.300 ms
324;29.720;31.198;31.681;0.363 ms
325;29.753;31.146;31.631;0.411 ms
326;29.471;31.248;39.435;0.933 ms
327;29.977;31.265;37.502;0.684 ms
328;29.811;31.164;31.620;0.332 ms
329;29.704;31.148;31.753;0.410 ms
330;29.743;31.160;31.661;0.381 ms
331;30.015;31.202;31.639;0.264 ms
332;30.034;31.180;39.389;0.868 ms
333;29.879;31.086;31.613;0.228 ms
334;29.438;30.988;34.627;0.549 ms
335;29.878;31.089;31.474;0.202 ms
336;29.822;31.062;31.849;0.357 ms
337;29.513;30.953;31.532;0.430 ms
338;29.452;31.003;31.499;0.406 ms
339;29.537;30.952;31.626;0.465 ms
340;29.997;31.133;31.708;0.231 ms
341;29.599;30.977;31.580;0.404 ms
342;29.440;31.001;31.517;0.410 ms
343;29.579;30.983;31.476;0.413 ms
344;29.564;31.064;34.763;0.564 ms
345;29.528;30.977;31.719;0.454 ms
346;30.087;31.241;31.781;0.284 ms
347;29.759;31.343;37.772;0.699 ms
348;29.752;31.134;31.742;0.501 ms
349;29.656;30.963;31.769;0.571 ms
350;29.791;31.273;31.643;0.256 ms
351;30.048;31.265;31.704;0.276 ms
352;29.993;31.223;31.638;0.271 ms
353;30.126;31.281;36.162;0.561 ms
354;29.859;31.232;31.740;0.342 ms
355;29.684;31.174;31.805;0.350 ms
356;29.639;30.922;31.811;0.569 ms
357;29.641;30.902;31.719;0.618 ms
358;29.691;30.678;31.771;0.694 ms
359;29.676;30.829;31.803;0.581 ms
360;29.789;31.238;32.261;0.398 ms
361;30.469;31.275;31.791;0.241 ms
362;29.746;31.279;31.688;0.290 ms
363;29.809;31.244;31.784;0.292 ms
364;30.002;31.190;31.912;0.291 ms
365;30.326;31.352;37.272;0.642 ms
366;29.780;31.252;32.585;0.294 ms
367;29.702;31.247;31.985;0.319 ms
368;30.162;31.288;31.764;0.250 ms
369;30.073;31.283;32.202;0.278 ms
370;30.075;31.304;31.707;0.221 ms
371;29.804;31.281;31.778;0.303 ms
372;29.748;31.319;32.023;0.283 ms
373;29.728;31.198;32.152;0.390 ms
374;30.091;31.100;31.635;0.247 ms
375;29.918;31.120;31.515;0.212 ms
376;29.817;31.092;31.480;0.250 ms
377;30.078;31.166;31.701;0.219 ms
378;29.562;31.125;31.649;0.268 ms
379;29.707;31.094;31.781;0.291 ms
380;29.682;31.120;31.568;0.267 ms
381;29.774;31.660;65.175;3.863 ms
382;30.524;31.175;31.874;0.194 ms
383;30.871;31.203;35.384;0.445 ms
384;29.799;31.063;31.573;0.281 ms
385;29.617;31.079;31.824;0.315 ms
386;29.772;31.163;31.731;0.319 ms
387;29.982;31.227;31.692;0.252 ms
388;30.804;31.266;31.820;0.200 ms
389;30.506;31.332;31.720;0.220 ms
390;30.550;31.475;39.157;0.806 ms
391;30.659;31.372;35.247;0.450 ms
392;30.147;31.167;31.864;0.209 ms
393;29.740;31.120;31.749;0.273 ms
394;29.576;30.995;31.522;0.339 ms
395;29.620;31.303;51.744;2.071 ms
396;30.082;31.153;31.656;0.231 ms
397;29.929;31.091;31.645;0.246 ms
398;29.913;31.323;51.568;2.049 ms
399;29.635;31.093;31.593;0.291 ms
400;29.865;31.141;31.715;0.225 ms
401;29.706;31.109;32.231;0.359 ms
402;29.784;31.121;31.906;0.223 ms
403;29.851;31.149;31.701;0.245 ms
404;29.834;31.106;31.517;0.229 ms
405;29.594;31.175;31.697;0.255 ms
406;29.826;31.223;31.929;0.330 ms
407;29.739;31.081;31.670;0.282 ms
408;29.888;31.313;49.404;1.860 ms
409;30.124;31.363;48.984;1.871 ms
410;29.533;30.892;31.726;0.514 ms
411;29.666;31.077;31.542;0.325 ms
412;30.236;31.117;31.594;0.192 ms
413;29.932;31.130;31.508;0.238 ms
414;29.455;31.033;31.590;0.332 ms
415;30.058;31.183;35.782;0.522 ms
416;30.189;31.075;31.737;0.233 ms
417;30.010;31.096;32.193;0.312 ms
418;30.253;31.115;31.840;0.218 ms
419;30.046;31.201;31.828;0.310 ms
420;30.418;31.358;31.792;0.229 ms
421;30.088;31.264;31.844;0.311 ms
422;30.341;31.187;31.541;0.215 ms
423;29.592;31.184;39.407;0.884 ms
424;30.294;31.181;31.574;0.226 ms
425;30.143;31.137;31.547;0.217 ms
426;29.618;31.104;31.515;0.261 ms
427;29.437;31.124;31.900;0.282 ms
428;30.022;31.111;31.651;0.261 ms
429;29.573;31.114;31.642;0.255 ms
430;29.656;31.063;31.514;0.315 ms
431;30.104;31.099;31.569;0.231 ms
432;30.384;31.136;31.604;0.178 ms
433;29.694;31.103;31.527;0.306 ms
434;30.631;31.145;32.004;0.221 ms
435;30.028;31.483;64.821;3.369 ms
436;29.757;31.133;31.822;0.389 ms
437;30.586;31.352;31.800;0.196 ms
438;29.762;31.264;31.727;0.295 ms
439;30.138;31.315;31.937;0.308 ms
440;30.092;31.309;31.935;0.246 ms
441;29.889;31.272;31.834;0.304 ms
442;29.773;31.211;31.880;0.354 ms
443;29.760;31.161;31.906;0.425 ms
444;30.256;31.322;31.902;0.254 ms
445;30.071;31.307;31.689;0.228 ms
446;29.791;31.251;31.741;0.327 ms
447;30.460;31.283;31.674;0.192 ms
448;29.978;31.335;43.354;1.242 ms
449;30.066;31.367;40.889;1.011 ms
450;30.763;31.356;32.047;0.188 ms
451;30.758;31.472;35.623;0.459 ms
452;29.945;31.401;41.913;1.095 ms
453;30.183;31.356;31.713;0.204 ms
454;29.833;31.327;32.070;0.271 ms
455;30.023;31.324;31.790;0.246 ms
456;29.838;31.220;32.119;0.324 ms
457;29.562;31.151;31.777;0.304 ms
458;29.568;31.037;31.482;0.380 ms
459;30.324;31.135;31.561;0.206 ms
460;30.392;31.117;31.973;0.202 ms
461;29.797;31.137;32.086;0.257 ms
462;29.802;31.217;32.124;0.319 ms
463;29.948;31.174;31.523;0.204 ms
464;30.191;31.204;32.054;0.268 ms
465;29.825;31.183;31.559;0.219 ms
466;30.317;31.203;31.580;0.227 ms
467;29.636;31.113;31.726;0.281 ms
468;30.009;31.075;31.668;0.284 ms
469;30.416;31.098;31.619;0.198 ms
470;30.429;31.193;31.813;0.236 ms
471;30.768;31.200;31.659;0.169 ms
472;29.960;31.173;31.727;0.245 ms
473;30.211;31.095;31.545;0.236 ms
474;30.579;31.148;31.586;0.190 ms
475;29.553;31.151;31.567;0.254 ms
476;29.689;31.148;31.764;0.347 ms
477;29.697;31.103;31.853;0.317 ms
478;29.695;31.093;33.146;0.363 ms
479;29.852;31.155;37.016;0.641 ms
480;30.116;31.141;31.600;0.246 ms
481;30.018;31.129;31.763;0.270 ms
482;29.435;31.007;31.495;0.362 ms
483;29.562;30.970;31.786;0.470 ms
484;29.638;31.006;31.799;0.422 ms
485;29.663;31.095;36.440;0.683 ms
486;29.740;31.096;31.808;0.397 ms
487;29.688;31.070;31.826;0.376 ms
488;29.495;31.068;31.561;0.385 ms
489;29.593;31.041;31.597;0.320 ms
490;29.522;31.028;31.536;0.467 ms
491;29.524;31.046;31.755;0.443 ms
492;29.526;30.988;31.684;0.475 ms
493;29.681;31.147;31.724;0.348 ms
494;29.805;31.107;31.753;0.267 ms
495;29.662;31.100;31.836;0.420 ms
496;29.419;30.617;31.742;0.647 ms
497;29.504;30.683;32.701;0.630 ms
498;29.490;31.033;32.455;0.376 ms
499;29.581;31.069;31.450;0.286 ms
500;29.631;31.060;31.536;0.357 ms
501;29.586;31.133;31.652;0.281 ms
502;29.554;31.070;31.643;0.375 ms
503;29.525;31.289;56.907;2.600 ms
504;29.645;31.095;32.100;0.344 ms
505;29.561;31.135;38.373;0.806 ms
506;29.632;31.105;31.691;0.255 ms
507;29.633;31.243;46.777;1.600 ms
508;30.160;31.383;55.861;2.469 ms
509;29.655;31.073;31.654;0.406 ms
510;29.493;31.307;51.706;2.083 ms
511;29.610;31.061;31.647;0.339 ms
512;29.629;31.071;32.122;0.344 ms
513;29.419;31.079;31.472;0.358 ms
514;29.669;31.045;31.526;0.349 ms
515;29.612;31.114;31.798;0.318 ms
516;29.639;30.980;31.538;0.368 ms
517;29.702;31.048;31.772;0.338 ms
518;29.681;30.972;31.543;0.407 ms
519;29.848;31.101;31.609;0.278 ms
520;29.519;31.045;31.480;0.342 ms
521;29.854;31.071;31.458;0.315 ms
522;29.563;30.932;31.623;0.453 ms
523;29.533;30.889;31.511;0.533 ms
524;29.460;30.854;31.798;0.558 ms
525;29.454;30.828;33.901;0.674 ms
526;29.510;30.790;31.734;0.558 ms
527;29.548;30.889;31.675;0.510 ms
528;29.469;30.822;31.701;0.591 ms
529;29.520;30.987;31.973;0.501 ms
530;29.475;30.864;31.458;0.554 ms
531;29.580;30.812;31.680;0.593 ms
532;29.570;30.891;31.508;0.532 ms
533;29.640;31.113;31.602;0.326 ms
534;30.216;31.187;31.759;0.224 ms
535;30.137;31.153;31.564;0.284 ms
536;29.608;31.068;31.633;0.384 ms
537;29.565;31.029;31.602;0.375 ms
538;29.655;31.161;31.773;0.290 ms
539;29.985;31.140;31.656;0.273 ms
540;29.529;31.015;31.717;0.388 ms
541;29.571;31.101;31.749;0.380 ms
542;29.656;31.144;32.444;0.381 ms
543;29.466;30.942;32.176;0.533 ms
544;29.572;30.962;31.816;0.525 ms
545;29.642;30.971;31.680;0.477 ms
546;29.593;31.027;32.169;0.450 ms
547;29.556;31.000;31.603;0.463 ms
548;29.715;31.077;31.602;0.331 ms
549;29.582;31.073;31.477;0.321 ms
550;29.571;31.145;31.741;0.344 ms
551;29.838;31.121;31.529;0.267 ms
552;29.519;31.159;31.753;0.311 ms
553;30.078;31.173;31.638;0.234 ms
554;29.639;31.053;32.076;0.399 ms
555;29.617;31.097;31.674;0.383 ms
556;29.726;31.151;31.792;0.338 ms
557;29.624;31.141;31.832;0.381 ms
558;29.567;31.079;31.758;0.431 ms
559;29.573;31.101;31.879;0.450 ms
560;29.544;31.074;31.733;0.413 ms
561;29.628;31.112;31.612;0.381 ms
562;29.673;31.142;31.715;0.301 ms
563;29.593;31.119;32.414;0.351 ms
564;29.493;30.911;31.575;0.491 ms
565;29.510;30.975;33.087;0.565 ms
566;29.714;31.049;31.541;0.371 ms
567;29.682;31.069;31.674;0.379 ms
568;29.507;30.948;31.483;0.504 ms
569;29.487;30.952;31.637;0.536 ms
570;29.534;31.115;40.373;1.412 ms
571;29.523;30.894;31.930;0.523 ms
572;29.530;31.092;31.549;0.324 ms
573;29.527;31.095;31.660;0.312 ms
574;29.644;31.041;31.628;0.367 ms
575;29.629;31.175;31.870;0.350 ms
576;29.742;31.132;31.742;0.380 ms
577;29.716;31.086;31.682;0.348 ms
578;30.130;31.133;32.614;0.304 ms
579;29.640;31.108;32.916;0.396 ms
580;29.519;31.156;31.893;0.311 ms
581;29.753;31.232;32.095;0.320 ms
582;29.681;31.053;31.872;0.393 ms
583;29.609;31.085;31.663;0.348 ms
584;29.648;31.124;31.793;0.300 ms
585;29.637;31.004;31.629;0.379 ms
586;29.586;31.089;31.714;0.325 ms
587;29.476;31.109;32.027;0.355 ms
588;29.720;31.447;66.425;3.559 ms
589;29.801;31.152;31.843;0.327 ms
590;29.557;31.071;31.563;0.403 ms
591;29.604;31.215;36.471;0.643 ms
592;29.604;31.082;31.617;0.380 ms
593;29.476;30.820;31.590;0.591 ms
594;29.720;31.071;31.563;0.312 ms
595;29.957;31.150;31.638;0.274 ms
596;29.695;31.130;31.605;0.314 ms
597;29.706;31.228;35.597;0.535 ms
598;29.677;31.195;31.802;0.326 ms
599;29.634;31.270;38.360;0.773 ms
600;29.658;31.146;31.703;0.304 ms
601;29.628;31.099;34.715;0.488 ms
602;29.677;31.353;51.545;2.048 ms
603;30.051;31.175;31.565;0.254 ms
604;29.493;31.283;46.009;1.521 ms
605;29.585;31.124;31.694;0.443 ms
606;30.337;31.172;31.637;0.224 ms
607;29.522;31.013;31.574;0.372 ms
608;29.716;31.062;31.841;0.384 ms
609;29.567;31.308;48.249;1.728 ms
610;29.553;31.119;31.706;0.359 ms
611;29.640;31.143;31.640;0.405 ms
612;29.626;31.258;45.907;1.545 ms
613;29.486;31.085;32.358;0.357 ms
614;29.539;30.956;31.839;0.532 ms
615;29.483;31.103;31.776;0.354 ms
616;29.476;30.982;31.641;0.481 ms
617;29.630;31.115;31.787;0.344 ms
618;29.916;31.251;31.773;0.281 ms
619;29.531;31.277;32.095;0.448 ms
620;29.498;31.123;31.727;0.392 ms
621;29.530;31.096;31.632;0.327 ms
622;29.611;31.110;31.571;0.338 ms
623;30.082;31.220;31.788;0.277 ms
624;29.536;31.163;31.944;0.383 ms
625;29.620;31.175;31.801;0.330 ms
626;29.579;31.216;31.739;0.264 ms
627;29.675;31.247;31.717;0.268 ms
628;29.618;31.149;31.610;0.329 ms
629;29.926;31.107;31.811;0.351 ms
630;29.503;31.077;31.709;0.338 ms
631;29.751;31.094;32.778;0.434 ms
632;29.767;31.058;31.623;0.318 ms
633;29.639;31.063;33.054;0.418 ms
634;29.610;31.138;31.836;0.348 ms
635;30.251;31.228;31.672;0.213 ms
636;30.804;31.283;31.719;0.181 ms
637;29.637;31.164;31.618;0.286 ms
638;29.923;31.237;38.303;0.761 ms
639;30.451;31.233;31.828;0.207 ms
640;30.643;31.257;31.680;0.194 ms
641;29.983;31.365;47.836;1.679 ms
642;29.968;31.341;31.970;0.287 ms
643;30.310;31.471;53.755;2.248 ms
644;30.827;31.518;43.418;1.500 ms
645;29.846;31.125;31.623;0.296 ms
646;30.089;31.195;31.676;0.229 ms
647;29.644;31.287;40.452;0.982 ms
648;29.705;31.167;31.704;0.310 ms
649;30.351;31.289;35.005;0.433 ms
650;29.801;31.216;31.824;0.316 ms
651;29.777;31.217;32.130;0.254 ms
652;29.780;31.206;32.005;0.276 ms
653;29.790;31.201;31.781;0.317 ms
654;30.106;31.211;31.758;0.238 ms
655;30.111;31.422;52.391;2.122 ms
656;29.702;31.193;31.860;0.254 ms
657;30.634;31.427;32.397;0.239 ms
658;30.301;31.309;33.131;0.322 ms
659;29.786;31.173;31.658;0.302 ms
660;30.631;31.224;31.685;0.189 ms
661;30.389;31.164;31.678;0.218 ms
662;30.354;31.188;31.682;0.215 ms
663;29.956;31.241;31.945;0.292 ms
664;30.681;31.285;31.749;0.203 ms
665;30.278;31.297;32.650;0.283 ms
666;30.381;31.265;31.783;0.243 ms
667;29.909;31.177;31.549;0.247 ms
668;29.737;31.060;31.678;0.303 ms
669;30.311;31.193;31.607;0.191 ms
670;30.062;31.142;31.913;0.231 ms
671;30.004;31.193;31.676;0.242 ms
672;30.121;31.171;31.754;0.228 ms
673;30.800;31.299;31.645;0.195 ms
674;30.742;31.248;31.780;0.195 ms
675;30.747;31.251;31.745;0.184 ms
676;29.591;31.068;31.690;0.318 ms
677;29.762;31.119;31.692;0.322 ms
678;29.716;31.176;31.731;0.272 ms
679;29.812;31.215;32.039;0.288 ms
680;30.654;31.202;31.810;0.187 ms
681;29.685;31.182;31.734;0.251 ms
682;29.801;31.135;31.495;0.229 ms
683;29.622;31.178;32.178;0.307 ms
684;29.919;31.167;31.880;0.257 ms
685;29.737;31.118;31.735;0.228 ms
686;29.862;31.189;31.647;0.223 ms
687;30.000;31.230;32.357;0.250 ms
688;29.770;31.141;31.603;0.292 ms
689;29.970;31.208;31.689;0.215 ms
690;30.778;31.193;31.561;0.164 ms
691;30.457;31.199;31.643;0.185 ms
692;30.048;31.202;31.637;0.256 ms
693;29.647;31.189;32.131;0.315 ms
694;29.694;31.096;31.746;0.373 ms
695;29.744;31.170;31.805;0.304 ms
696;30.361;31.214;31.712;0.197 ms
697;30.223;31.198;31.729;0.256 ms
698;29.613;31.064;31.705;0.439 ms
699;29.537;31.063;31.892;0.381 ms
700;29.645;31.208;32.107;0.314 ms
701;30.369;31.427;31.972;0.215 ms
702;30.881;31.486;32.752;0.298 ms
703;30.125;31.348;31.877;0.281 ms
704;30.247;31.197;32.231;0.303 ms
705;29.897;31.207;31.718;0.274 ms
706;29.731;31.183;31.900;0.292 ms
707;30.713;31.219;31.687;0.178 ms
708;30.684;31.259;31.765;0.201 ms
709;29.809;31.123;31.882;0.384 ms
710;29.791;31.244;39.039;0.839 ms
711;30.259;31.288;31.757;0.222 ms
712;29.640;31.125;31.570;0.299 ms
713;30.137;31.206;31.868;0.265 ms
714;30.874;31.262;33.137;0.268 ms
715;30.468;31.282;32.959;0.272 ms
716;29.618;31.248;31.754;0.256 ms
717;30.048;31.221;31.622;0.191 ms
718;29.766;31.097;31.852;0.435 ms
719;30.462;31.203;31.923;0.251 ms
720;29.690;31.097;31.622;0.294 ms
721;29.459;31.173;31.738;0.270 ms
722;30.180;31.206;31.710;0.235 ms
723;29.971;31.181;31.682;0.271 ms
724;30.256;31.178;31.545;0.209 ms
725;30.053;31.193;31.560;0.231 ms
726;30.194;31.279;31.798;0.252 ms
727;29.859;31.373;35.005;0.488 ms
728;30.880;31.418;38.134;0.708 ms
729;29.919;31.294;31.817;0.290 ms
730;30.224;31.293;44.119;1.313 ms
731;30.099;31.451;49.379;1.815 ms
732;30.307;31.274;31.766;0.205 ms
733;29.844;31.525;47.944;1.671 ms
734;31.056;31.502;31.936;0.180 ms
735;30.164;31.491;32.041;0.245 ms
736;30.864;31.416;32.251;0.259 ms
737;30.667;31.242;35.059;0.426 ms
738;29.719;31.228;31.696;0.229 ms
739;30.407;31.250;31.688;0.195 ms
740;30.784;31.249;31.729;0.198 ms
741;30.824;31.228;31.840;0.182 ms
742;29.711;31.174;31.634;0.280 ms
743;30.138;31.241;31.735;0.226 ms
744;30.310;31.244;31.642;0.202 ms
745;30.998;31.312;31.833;0.171 ms
746;30.342;31.218;32.187;0.213 ms
747;30.648;31.223;31.809;0.206 ms
748;30.797;31.245;32.205;0.208 ms
749;29.514;31.386;47.888;1.677 ms
750;30.086;31.231;31.773;0.235 ms
751;29.953;31.257;31.909;0.277 ms
752;29.947;31.223;31.717;0.290 ms
753;30.669;31.196;31.985;0.187 ms
754;29.806;31.199;32.049;0.290 ms
755;29.702;31.151;31.674;0.323 ms
756;30.831;31.236;31.831;0.199 ms
757;30.079;31.193;31.772;0.257 ms
758;30.220;31.232;31.700;0.202 ms
759;30.072;31.311;46.831;1.578 ms
760;29.635;31.180;31.786;0.281 ms
761;29.608;31.221;32.282;0.260 ms
762;30.214;31.197;31.652;0.205 ms
763;30.335;31.320;38.518;0.754 ms
764;30.851;31.256;31.900;0.201 ms
765;29.620;31.136;31.719;0.310 ms
766;29.755;31.175;31.623;0.261 ms
767;30.806;31.250;31.724;0.187 ms
768;30.655;31.203;31.810;0.181 ms
769;30.515;31.418;45.828;1.461 ms
770;30.788;31.356;39.995;0.892 ms
771;30.193;31.236;31.608;0.234 ms
772;30.329;31.330;31.946;0.218 ms
773;29.772;31.264;31.702;0.275 ms
774;29.792;31.262;31.835;0.259 ms
775;30.810;31.214;31.666;0.186 ms
776;30.766;31.237;31.691;0.192 ms
777;29.600;31.240;31.755;0.250 ms
778;30.078;31.205;31.691;0.212 ms
779;30.454;31.318;31.847;0.220 ms
780;29.640;31.307;31.763;0.272 ms
781;30.339;31.288;32.092;0.229 ms
782;30.435;31.304;32.097;0.227 ms
783;30.502;31.294;31.830;0.205 ms
784;29.883;31.278;31.672;0.217 ms
785;30.517;31.213;31.720;0.202 ms
786;29.650;31.147;31.615;0.276 ms
787;30.183;31.182;31.830;0.225 ms
788;29.584;31.301;37.862;0.706 ms
789;30.305;31.309;39.383;0.838 ms
790;30.093;31.218;31.640;0.244 ms
791;30.279;31.201;32.403;0.242 ms
792;30.081;31.108;31.777;0.321 ms
793;30.410;31.412;54.420;2.322 ms
794;29.786;31.353;36.818;0.611 ms
795;30.751;31.418;31.885;0.202 ms
796;29.824;31.283;31.915;0.345 ms
797;30.030;31.241;31.834;0.302 ms
798;29.634;31.209;32.289;0.265 ms
799;29.868;31.263;32.386;0.315 ms
800;30.364;31.279;34.511;0.502 ms
801;29.918;31.162;31.669;0.227 ms
802;30.362;31.168;31.842;0.211 ms
803;29.613;31.343;44.944;1.438 ms
804;29.798;31.198;31.886;0.264 ms
805;29.676;31.201;32.126;0.279 ms
806;29.711;31.190;31.966;0.288 ms
807;29.703;31.170;31.666;0.268 ms
808;29.841;31.239;31.983;0.250 ms
809;30.156;31.213;31.667;0.219 ms
810;29.722;31.195;31.764;0.244 ms
811;30.307;31.324;32.093;0.259 ms
812;30.524;31.456;32.120;0.221 ms
813;30.813;31.331;31.701;0.181 ms
814;30.128;31.232;31.740;0.205 ms
815;30.845;31.246;31.819;0.173 ms
816;30.318;31.289;31.888;0.234 ms
817;29.742;31.242;31.771;0.237 ms
818;30.729;31.228;31.681;0.177 ms
819;29.587;31.177;31.714;0.256 ms
820;29.744;31.168;31.711;0.275 ms
821;29.743;31.228;34.678;0.432 ms
822;30.199;31.270;31.684;0.201 ms
823;30.426;31.192;31.707;0.184 ms
824;29.918;31.205;31.957;0.263 ms
825;29.587;31.160;31.635;0.373 ms
826;29.906;31.214;31.578;0.246 ms
827;30.871;31.209;31.686;0.163 ms
828;30.500;31.296;40.917;0.993 ms
829;30.753;31.187;31.632;0.174 ms
830;30.033;31.159;31.679;0.223 ms
831;29.979;31.227;32.078;0.233 ms
832;30.763;31.239;31.650;0.172 ms
833;29.560;31.209;31.739;0.240 ms
834;30.319;31.205;31.683;0.216 ms
835;29.667;31.240;31.870;0.242 ms
836;29.637;31.049;31.831;0.408 ms
837;29.906;31.201;31.667;0.250 ms
838;29.672;31.182;31.728;0.231 ms
839;30.759;31.228;31.784;0.185 ms
840;30.249;31.163;31.743;0.242 ms
841;30.119;31.170;31.568;0.210 ms
842;29.595;30.886;31.672;0.492 ms
843;29.573;31.109;59.780;2.930 ms
844;29.626;30.838;31.763;0.544 ms
845;29.727;31.055;31.743;0.419 ms
846;29.799;31.179;31.632;0.252 ms
847;30.048;31.375;54.657;2.359 ms
848;29.963;31.192;32.111;0.237 ms
849;29.899;31.206;33.515;0.404 ms
850;30.284;31.218;31.997;0.244 ms
851;30.191;31.229;34.578;0.405 ms
852;29.785;31.209;33.530;0.409 ms
853;30.459;31.211;32.030;0.203 ms
854;29.914;31.266;31.968;0.248 ms
855;30.080;31.232;31.764;0.248 ms
856;30.525;31.284;31.889;0.189 ms
857;30.668;31.204;31.584;0.155 ms
858;29.909;31.180;31.930;0.256 ms
859;29.614;31.231;31.712;0.260 ms
860;29.589;31.196;31.625;0.218 ms
861;30.727;31.398;45.734;1.453 ms
862;30.105;31.213;31.669;0.264 ms
863;30.419;31.243;31.771;0.201 ms
864;30.316;31.218;31.653;0.191 ms
865;29.540;31.134;32.114;0.312 ms
866;30.456;31.257;31.985;0.285 ms
867;30.323;31.384;31.830;0.212 ms
868;30.497;31.493;48.940;1.769 ms
869;29.681;31.195;31.929;0.366 ms
870;30.876;31.278;31.846;0.165 ms
871;29.794;31.233;32.062;0.331 ms
872;29.677;31.113;31.767;0.327 ms
873;30.390;31.183;31.674;0.212 ms
874;30.747;31.259;35.035;0.433 ms
875;30.192;31.222;31.691;0.213 ms
876;30.470;31.255;31.699;0.178 ms
877;30.739;31.256;35.070;0.422 ms
878;30.710;31.257;31.727;0.187 ms
879;30.316;31.462;49.821;1.860 ms
880;29.737;31.273;38.595;0.798 ms
881;29.756;31.179;31.683;0.316 ms
882;30.278;31.194;31.735;0.221 ms
883;30.843;31.615;55.828;2.441 ms
884;29.542;31.184;31.907;0.348 ms
885;30.866;31.246;31.815;0.169 ms
886;29.806;31.188;31.865;0.304 ms
887;29.834;31.190;31.630;0.262 ms
888;30.185;31.245;31.814;0.257 ms
889;29.820;31.446;50.408;1.925 ms
890;29.930;31.327;31.794;0.259 ms
891;30.873;31.276;31.836;0.188 ms
892;30.423;31.492;58.185;2.692 ms
893;29.710;31.210;31.672;0.230 ms
894;30.415;31.287;31.783;0.209 ms
895;30.749;31.342;31.689;0.190 ms
896;30.998;31.344;31.849;0.182 ms
897;30.664;31.315;33.180;0.271 ms
898;30.803;31.334;31.814;0.188 ms
899;30.691;31.430;31.895;0.216 ms
900;29.791;31.238;31.709;0.225 ms
901;30.235;31.228;31.889;0.200 ms
902;30.183;31.198;31.701;0.216 ms
903;30.672;31.243;31.576;0.179 ms
904;30.437;31.238;31.784;0.198 ms
905;29.742;31.167;31.623;0.319 ms
906;29.666;31.197;31.751;0.275 ms
907;30.882;31.256;31.848;0.179 ms
908;30.830;31.259;32.021;0.183 ms
909;30.533;31.239;31.579;0.179 ms
910;29.607;31.214;31.819;0.294 ms
911;30.927;31.281;31.677;0.158 ms
912;30.463;31.220;31.794;0.234 ms
913;29.733;31.270;32.467;0.312 ms
914;30.023;31.250;31.906;0.259 ms
915;29.696;31.313;32.043;0.272 ms
916;30.487;31.220;31.745;0.213 ms
917;29.768;31.166;31.645;0.255 ms
918;30.009;31.243;31.901;0.226 ms
919;30.527;31.278;36.960;0.597 ms
920;29.880;31.276;31.885;0.270 ms
921;30.224;31.305;32.704;0.296 ms
922;29.957;31.301;32.080;0.238 ms
923;29.779;31.280;31.737;0.276 ms
924;30.878;31.324;31.901;0.203 ms
925;30.657;31.398;38.887;0.779 ms
926;30.005;31.310;32.190;0.252 ms
927;29.667;31.389;35.201;0.527 ms
928;30.451;31.325;31.754;0.205 ms
929;30.694;31.361;31.826;0.210 ms
930;30.827;31.281;31.838;0.215 ms
931;29.534;31.213;31.943;0.278 ms
932;30.518;31.237;34.756;0.398 ms
933;29.873;31.269;31.699;0.221 ms
934;29.654;31.238;31.830;0.276 ms
935;30.185;31.262;31.772;0.215 ms
936;29.629;31.275;31.704;0.285 ms
937;29.649;31.137;31.526;0.361 ms
938;29.649;31.212;31.673;0.230 ms
939;30.778;31.299;31.880;0.197 ms
940;30.793;31.395;39.024;0.789 ms
941;29.797;31.260;31.752;0.256 ms
942;29.635;31.421;43.022;1.216 ms
943;30.868;31.256;31.988;0.190 ms
944;30.923;31.348;35.746;0.481 ms
945;30.945;31.325;31.905;0.168 ms
946;29.733;31.213;31.596;0.238 ms
947;30.751;31.471;46.205;1.494 ms
948;30.467;31.248;31.690;0.190 ms
949;30.115;31.186;31.858;0.224 ms
950;29.992;31.223;31.814;0.236 ms
951;29.955;31.239;32.097;0.235 ms
952;30.615;31.316;32.321;0.248 ms
953;30.308;31.267;31.829;0.243 ms
954;30.756;31.514;46.431;1.517 ms
955;29.579;31.274;32.012;0.259 ms
956;29.876;31.211;31.619;0.255 ms
957;30.301;31.471;54.702;2.345 ms
958;30.046;31.248;31.762;0.218 ms
959;30.092;31.205;31.830;0.265 ms
960;30.580;31.191;31.733;0.194 ms
961;30.059;31.236;31.610;0.238 ms
962;30.261;31.277;32.084;0.228 ms
963;29.845;31.414;49.225;1.812 ms
964;30.830;31.283;31.737;0.205 ms
965;29.813;31.447;52.491;2.272 ms
966;29.634;31.204;31.589;0.277 ms
967;30.433;31.274;31.981;0.245 ms
968;30.561;31.528;52.713;2.142 ms
969;30.824;31.271;31.799;0.188 ms
970;30.100;31.378;39.816;0.886 ms
971;30.391;31.225;31.986;0.217 ms
972;29.613;31.212;31.741;0.298 ms
973;30.454;31.229;31.763;0.209 ms
974;30.142;31.201;31.756;0.226 ms
975;30.299;31.173;31.542;0.176 ms
976;30.501;31.215;31.681;0.202 ms
977;30.872;31.326;35.513;0.451 ms
978;29.537;31.190;31.849;0.273 ms
979;30.109;31.405;47.970;1.681 ms
980;30.669;31.230;31.857;0.203 ms
981;30.795;31.233;31.857;0.177 ms
982;30.129;31.220;31.662;0.214 ms
983;30.917;31.288;31.888;0.185 ms
984;29.572;31.147;31.770;0.378 ms
985;30.427;31.212;31.648;0.179 ms
986;30.668;31.502;51.693;2.171 ms
987;29.818;31.222;32.255;0.285 ms
988;30.499;31.435;50.975;1.975 ms
989;29.788;31.228;31.699;0.244 ms
990;30.208;31.233;33.094;0.290 ms
991;29.992;31.310;37.840;0.704 ms
992;30.815;31.342;39.673;0.855 ms
993;30.279;31.229;31.688;0.221 ms
994;29.727;31.239;31.787;0.270 ms
995;30.405;31.245;31.662;0.198 ms
996;30.816;31.252;31.780;0.165 ms
997;29.803;31.239;31.684;0.228 ms
998;29.795;31.203;31.651;0.221 ms
999;30.927;31.224;31.711;0.144 ms
1000;30.813;31.265;31.707;0.174 ms
1001;30.858;31.290;31.712;0.190 ms
1002;30.828;31.298;31.673;0.165 ms
1003;29.556;31.321;38.414;0.760 ms
1004;30.391;31.274;31.767;0.203 ms
1005;30.110;31.272;31.872;0.210 ms
1006;30.003;31.277;31.748;0.230 ms
1007;29.858;31.226;31.746;0.284 ms
1008;30.870;31.306;31.838;0.189 ms
1009;30.097;31.276;31.691;0.217 ms
1010;30.265;31.252;31.755;0.210 ms
1011;29.999;31.263;31.760;0.209 ms
1012;31.031;31.303;31.623;0.144 ms
1013;30.907;31.315;31.927;0.198 ms
1014;29.935;31.262;32.077;0.235 ms
1015;30.840;31.274;31.751;0.184 ms
1016;30.198;31.378;31.989;0.235 ms
1017;30.010;31.225;31.714;0.231 ms
1018;29.583;31.178;31.911;0.330 ms
1019;29.641;31.211;31.999;0.301 ms
1020;30.735;31.244;31.715;0.171 ms
1021;30.461;31.230;32.476;0.238 ms
1022;30.367;31.221;31.721;0.217 ms
1023;30.853;31.255;31.716;0.184 ms
1024;29.666;31.203;33.470;0.321 ms
1025;30.299;31.237;31.654;0.203 ms
1026;29.596;31.200;31.574;0.249 ms
1027;30.738;31.241;31.672;0.170 ms
1028;30.869;31.256;31.702;0.172 ms
1029;30.832;31.250;31.691;0.165 ms
1030;30.841;31.234;31.630;0.177 ms
1031;30.888;31.298;31.896;0.176 ms
1032;30.833;31.269;31.759;0.166 ms
1033;30.901;31.246;31.808;0.190 ms
1034;29.561;31.247;31.968;0.246 ms
1035;29.756;31.246;32.375;0.303 ms
1036;29.665;31.190;31.678;0.268 ms
1037;29.607;31.264;32.205;0.304 ms
1038;30.668;31.256;31.681;0.186 ms
1039;29.602;31.374;43.262;1.227 ms
1040;30.582;31.241;31.768;0.204 ms
1041;29.665;31.237;31.822;0.276 ms
1042;30.193;31.256;31.790;0.240 ms
1043;30.871;31.280;32.246;0.185 ms
1044;29.777;31.395;46.382;1.525 ms
1045;29.890;31.212;31.755;0.230 ms
1046;30.036;31.211;31.818;0.245 ms
1047;30.433;31.233;31.593;0.201 ms
1048;29.628;31.266;31.813;0.255 ms
1049;29.771;31.179;31.647;0.254 ms
1050;30.872;31.305;31.742;0.166 ms
1051;29.950;31.269;31.694;0.207 ms
1052;30.923;31.277;31.762;0.165 ms
1053;30.954;31.264;31.857;0.185 ms
1054;30.795;31.250;31.701;0.171 ms
1055;30.603;31.241;31.908;0.194 ms
1056;30.652;31.257;31.684;0.169 ms
1057;30.904;31.268;31.800;0.176 ms
1058;30.975;31.323;32.177;0.185 ms
1059;30.080;31.240;31.670;0.212 ms
1060;30.931;31.302;32.843;0.264 ms
1061;30.620;31.266;31.814;0.209 ms
1062;30.838;31.229;31.639;0.162 ms
1063;30.846;31.254;31.948;0.193 ms
1064;29.815;31.234;31.608;0.205 ms
1065;29.990;31.242;31.640;0.204 ms
1066;29.813;31.237;31.663;0.223 ms
1067;30.829;31.226;31.720;0.161 ms
1068;30.108;31.235;31.709;0.210 ms
1069;30.934;31.310;32.185;0.205 ms
1070;30.284;31.298;31.803;0.218 ms
1071;29.653;31.308;32.136;0.439 ms
1072;29.811;31.406;32.409;0.336 ms
1073;29.598;31.154;32.033;0.435 ms
1074;29.577;30.923;31.731;0.606 ms
1075;29.628;30.888;31.977;0.681 ms
1076;29.591;30.998;34.161;0.705 ms
1077;29.593;30.856;31.743;0.706 ms
1078;29.667;30.918;31.789;0.609 ms
1079;29.533;30.848;31.810;0.659 ms
1080;29.596;30.916;31.785;0.640 ms
1081;29.568;30.825;31.634;0.626 ms
1082;29.656;31.290;40.134;1.235 ms
1083;29.639;31.147;31.873;0.511 ms
1084;29.617;31.044;34.415;0.712 ms
1085;29.553;30.947;31.914;0.631 ms
1086;29.636;30.966;31.678;0.568 ms
1087;29.501;30.697;31.616;0.702 ms
1088;29.595;31.001;31.824;0.578 ms
1089;30.514;31.248;31.666;0.173 ms
1090;30.211;31.211;31.822;0.228 ms
1091;29.682;31.213;31.786;0.274 ms
1092;30.859;31.270;31.782;0.196 ms
1093;29.822;31.235;31.780;0.290 ms
1094;29.706;31.379;50.382;1.937 ms
1095;30.839;31.271;31.621;0.161 ms
1096;30.955;31.291;31.827;0.158 ms
1097;29.808;31.272;32.052;0.246 ms
1098;30.776;31.281;33.403;0.291 ms
1099;30.871;31.251;31.675;0.181 ms
1100;30.874;31.267;31.788;0.172 ms
1101;30.093;31.294;32.141;0.221 ms
1102;30.922;31.333;32.306;0.194 ms
1103;30.015;31.534;47.560;1.712 ms
1104;29.725;31.275;31.839;0.318 ms
1105;30.935;31.300;31.642;0.169 ms
1106;30.151;31.302;31.828;0.212 ms
1107;30.349;31.263;32.105;0.230 ms
1108;30.061;31.310;33.521;0.320 ms
1109;30.949;31.254;31.731;0.167 ms
1110;30.846;31.254;31.638;0.159 ms
1111;29.667;31.225;31.868;0.306 ms
1112;30.829;31.292;31.719;0.194 ms
1113;29.701;31.290;32.651;0.315 ms
1114;29.627;31.261;32.015;0.321 ms
1115;29.852;31.319;31.808;0.277 ms
1116;29.725;31.258;31.804;0.229 ms
1117;29.788;31.256;31.767;0.230 ms
1118;29.636;31.262;31.817;0.305 ms
1119;29.801;32.092;64.278;4.674 ms
1120;29.550;30.821;48.534;1.905 ms
1121;29.604;30.987;31.624;0.571 ms
1122;30.482;31.337;33.449;0.320 ms
1123;29.834;31.379;32.194;0.318 ms
1124;29.550;31.497;45.853;1.711 ms
1125;30.035;31.292;31.713;0.205 ms
1126;30.905;31.319;31.871;0.188 ms
1127;30.695;31.419;34.443;0.410 ms
1128;30.918;31.262;31.696;0.175 ms
1129;30.976;31.332;31.699;0.163 ms
1130;30.348;31.320;33.481;0.303 ms
1131;30.996;31.350;31.786;0.183 ms
1132;30.351;31.380;32.413;0.229 ms
1133;30.886;31.431;33.997;0.322 ms
1134;30.420;31.403;31.926;0.209 ms
1135;29.777;31.316;31.992;0.279 ms
1136;30.884;31.314;32.249;0.194 ms
1137;31.013;31.330;31.798;0.169 ms
1138;30.457;31.329;35.389;0.453 ms
1139;30.829;31.298;32.105;0.211 ms
1140;29.715;31.223;31.754;0.229 ms
1141;29.663;31.305;31.780;0.285 ms
1142;29.578;31.179;31.734;0.360 ms
1143;29.696;31.170;31.737;0.363 ms
1144;29.791;31.230;31.766;0.231 ms
1145;30.345;31.234;31.745;0.209 ms
1146;30.933;31.321;31.989;0.183 ms
1147;29.740;31.279;31.582;0.224 ms
1148;30.913;31.344;31.868;0.196 ms
1149;30.927;31.275;31.751;0.181 ms
1150;29.813;31.281;32.290;0.256 ms
1151;30.966;31.342;31.849;0.176 ms
1152;29.890;31.490;48.236;1.699 ms
1153;30.960;31.302;31.678;0.181 ms
1154;30.233;31.328;31.712;0.211 ms
1155;29.876;31.580;57.477;2.612 ms
1156;30.510;31.276;31.674;0.214 ms
1157;30.964;31.475;50.464;1.925 ms
1158;30.919;31.325;31.794;0.171 ms
1159;30.996;31.388;33.013;0.241 ms
1160;31.068;31.447;31.995;0.189 ms
1161;31.102;31.416;31.841;0.169 ms
1162;30.640;31.420;31.940;0.209 ms
1163;31.002;31.446;31.954;0.199 ms
1164;30.943;31.534;43.854;1.255 ms
1165;29.726;31.357;31.945;0.253 ms
1166;30.764;31.373;31.809;0.201 ms
1167;29.810;31.555;52.494;2.231 ms
1168;30.952;31.445;31.897;0.224 ms
1169;30.779;31.530;38.851;0.763 ms
1170;29.788;31.324;36.626;0.581 ms
1171;30.575;31.287;31.724;0.194 ms
1172;30.434;31.291;31.959;0.208 ms
1173;29.748;31.286;31.814;0.253 ms
1174;31.037;31.360;31.882;0.170 ms
1175;29.671;31.259;31.871;0.298 ms
1176;31.026;31.342;31.782;0.165 ms
1177;30.827;31.308;31.763;0.171 ms
1178;30.276;31.292;32.776;0.276 ms
1179;30.842;31.411;39.889;0.870 ms
1180;30.949;31.337;31.828;0.167 ms
1181;30.265;31.369;32.524;0.260 ms
1182;29.850;31.336;31.927;0.225 ms
1183;30.990;31.359;35.211;0.420 ms
1184;29.975;31.415;40.070;0.911 ms
1185;31.001;31.336;31.827;0.164 ms
1186;29.672;31.542;56.525;2.537 ms
1187;30.920;31.323;31.814;0.174 ms
1188;30.943;31.302;31.863;0.179 ms
1189;30.874;31.355;31.909;0.208 ms
1190;31.069;31.561;32.026;0.175 ms
1191;30.043;31.357;32.061;0.264 ms
1192;29.615;31.235;31.775;0.460 ms
1193;30.925;31.321;31.642;0.169 ms
1194;30.993;31.332;31.836;0.171 ms
1195;30.946;31.399;31.747;0.155 ms
1196;30.907;31.347;31.739;0.180 ms
1197;29.789;31.339;31.828;0.256 ms
1198;29.663;31.348;37.424;0.688 ms
1199;30.994;31.364;32.152;0.197 ms
1200;30.522;31.314;32.243;0.201 ms
1201;30.904;31.361;32.918;0.248 ms
1202;30.891;31.345;31.848;0.197 ms
1203;31.028;31.359;32.886;0.233 ms
1204;30.908;31.361;33.185;0.269 ms
1205;30.564;31.300;32.034;0.223 ms
1206;30.935;31.374;31.783;0.189 ms
1207;30.829;31.310;31.683;0.166 ms
1208;30.834;31.378;38.642;0.760 ms
1209;30.871;31.345;32.534;0.234 ms
1210;31.031;31.352;31.835;0.193 ms
1211;30.289;31.351;32.069;0.216 ms
1212;30.204;31.317;32.068;0.215 ms
1213;31.019;31.306;32.227;0.188 ms
1214;30.844;31.253;31.697;0.179 ms
1215;30.943;31.406;31.957;0.192 ms
1216;29.862;31.378;31.829;0.238 ms
1217;31.007;31.343;31.818;0.184 ms
1218;30.912;31.373;31.806;0.177 ms
1219;30.945;31.317;32.041;0.182 ms
1220;30.850;31.346;32.115;0.197 ms
1221;30.655;31.374;32.203;0.197 ms
1222;30.226;31.343;31.774;0.199 ms
1223;30.992;31.416;32.199;0.212 ms
1224;30.955;31.366;31.788;0.179 ms
1225;31.013;31.371;31.773;0.175 ms
1226;30.920;31.365;31.754;0.178 ms
1227;30.962;31.425;32.550;0.256 ms
1228;31.002;31.360;31.701;0.163 ms
1229;30.119;31.328;31.849;0.221 ms
1230;30.865;31.344;31.900;0.197 ms
1231;29.844;31.354;31.830;0.281 ms
1232;30.307;31.419;32.180;0.257 ms
1233;29.790;31.408;32.667;0.306 ms
1234;31.018;31.375;31.865;0.180 ms
1235;31.091;31.384;32.176;0.182 ms
1236;31.086;31.379;31.979;0.174 ms
1237;30.952;31.342;31.968;0.183 ms
1238;30.984;31.357;31.770;0.175 ms
1239;31.008;31.367;31.853;0.164 ms
1240;30.917;31.296;31.802;0.179 ms
1241;29.880;31.315;32.005;0.246 ms
1242;30.858;31.303;32.313;0.219 ms
1243;29.871;31.296;31.874;0.252 ms
1244;29.869;31.274;31.857;0.233 ms
1245;30.860;31.319;32.458;0.212 ms
1246;30.963;31.322;31.818;0.171 ms
1247;30.231;31.346;31.811;0.225 ms
1248;29.664;31.358;31.744;0.235 ms
1249;30.978;31.341;31.695;0.177 ms
1250;30.237;31.361;31.752;0.202 ms
1251;31.006;31.335;31.822;0.166 ms
1252;29.852;31.313;31.819;0.236 ms
1253;30.088;31.326;31.768;0.225 ms
1254;30.715;31.327;32.606;0.234 ms
1255;29.850;31.287;31.721;0.240 ms
1256;30.652;31.333;31.976;0.188 ms
1257;31.035;31.425;31.906;0.179 ms
1258;31.025;31.455;32.039;0.219 ms
1259;30.725;31.404;31.765;0.175 ms
1260;29.963;31.385;31.779;0.230 ms
1261;30.852;31.369;32.029;0.197 ms
1262;30.085;31.274;31.954;0.232 ms
1263;30.253;31.295;31.881;0.217 ms
1264;30.891;31.277;31.677;0.170 ms
1265;30.633;31.312;31.860;0.188 ms
1266;30.933;31.309;31.778;0.178 ms
1267;30.854;31.327;32.842;0.246 ms
1268;30.069;31.362;32.628;0.339 ms
1269;30.865;31.344;32.221;0.220 ms
1270;30.937;31.329;31.941;0.181 ms
1271;30.809;31.315;32.017;0.198 ms
1272;31.001;31.330;31.962;0.170 ms
1273;31.009;31.324;31.706;0.159 ms
1274;30.056;31.301;31.861;0.222 ms
1275;30.897;31.341;31.967;0.184 ms
1276;30.901;31.352;31.902;0.202 ms
1277;29.637;31.303;31.955;0.261 ms
1278;30.949;31.290;31.796;0.162 ms
1279;30.868;31.307;32.310;0.204 ms
1280;30.982;31.347;31.979;0.182 ms
1281;30.834;31.305;31.633;0.164 ms
1282;30.944;31.350;31.904;0.187 ms
1283;30.885;31.268;31.941;0.187 ms
1284;30.944;31.294;31.681;0.176 ms
1285;30.955;31.338;31.795;0.177 ms
1286;30.394;31.341;31.702;0.181 ms
1287;30.808;31.322;31.859;0.187 ms
1288;30.988;31.334;31.757;0.168 ms
1289;30.724;31.299;31.799;0.191 ms
1290;30.669;31.323;31.716;0.180 ms
1291;29.723;31.332;31.860;0.241 ms
1292;30.030;31.354;32.085;0.234 ms
1293;30.483;31.330;31.688;0.207 ms
1294;30.835;31.393;35.515;0.595 ms
1295;30.941;31.313;31.888;0.171 ms
1296;30.318;31.390;32.015;0.224 ms
1297;29.584;31.374;32.019;0.256 ms
1298;30.313;31.354;31.729;0.190 ms
1299;30.991;31.357;33.399;0.270 ms
1300;30.905;31.338;31.915;0.193 ms
1301;31.063;31.416;32.142;0.196 ms
1302;29.830;31.388;36.672;0.597 ms
1303;29.835;31.318;32.226;0.280 ms
1304;30.110;31.372;32.420;0.251 ms
1305;31.023;31.334;32.249;0.186 ms
1306;30.851;31.277;31.639;0.162 ms
1307;30.735;31.280;31.683;0.176 ms
1308;30.260;31.262;31.663;0.265 ms
1309;29.569;30.812;31.651;0.613 ms
1310;29.644;30.746;31.770;0.558 ms
1311;29.567;31.010;31.755;0.564 ms
1312;29.662;31.165;32.154;0.440 ms
1313;29.628;31.050;31.692;0.486 ms
1314;29.625;30.794;31.769;0.553 ms
1315;29.567;30.755;34.421;0.666 ms
1316;29.588;30.780;31.621;0.517 ms
1317;29.581;30.767;31.636;0.552 ms
1318;29.590;30.795;31.737;0.572 ms
1319;29.570;30.801;31.737;0.619 ms
1320;29.561;30.778;31.703;0.560 ms
1321;29.570;30.757;33.003;0.608 ms
1322;29.721;30.891;32.246;0.558 ms
1323;29.572;30.893;47.558;1.772 ms
1324;29.741;30.912;36.799;0.786 ms
1325;29.612;30.783;31.640;0.626 ms
1326;29.687;31.114;31.918;0.504 ms
1327;29.763;31.251;31.779;0.406 ms
1328;29.610;31.445;49.564;1.859 ms
1329;31.075;31.365;31.997;0.168 ms
1330;29.658;31.411;46.739;1.592 ms
1331;30.427;31.340;31.868;0.195 ms
1332;30.908;31.355;31.815;0.188 ms
1333;30.880;31.312;31.759;0.187 ms
1334;30.898;31.295;31.862;0.193 ms
1335;31.015;31.336;31.685;0.170 ms
1336;29.893;31.276;31.786;0.220 ms
1337;31.042;31.317;31.773;0.170 ms
1338;29.668;31.381;31.841;0.245 ms
1339;30.901;31.400;31.829;0.184 ms
1340;30.946;31.437;37.981;0.675 ms
1341;31.099;31.397;31.867;0.171 ms
1342;31.050;31.371;31.755;0.168 ms
1343;30.032;31.362;31.873;0.228 ms
1344;30.986;31.386;31.813;0.173 ms
1345;31.030;31.571;36.661;0.544 ms
1346;31.067;31.606;37.708;0.648 ms
1347;30.234;31.546;32.176;0.272 ms
1348;30.807;31.414;34.838;0.395 ms
1349;29.564;30.952;32.080;0.613 ms
1350;29.584;30.884;39.097;1.039 ms
1351;29.597;31.025;31.749;0.591 ms
1352;30.904;31.328;32.224;0.179 ms
1353;31.054;31.338;31.738;0.165 ms
1354;30.990;31.398;36.045;0.495 ms
1355;30.939;31.304;31.661;0.161 ms
1356;30.948;31.289;32.038;0.179 ms
1357;31.087;31.420;32.001;0.177 ms
1358;31.220;31.571;32.198;0.190 ms
1359;31.152;31.462;31.893;0.171 ms
1360;31.099;31.549;39.916;0.860 ms
1361;31.109;31.473;31.886;0.179 ms
1362;31.049;31.458;32.069;0.187 ms
1363;30.975;31.404;32.270;0.220 ms
1364;30.964;31.356;31.734;0.165 ms
1365;30.971;31.416;35.552;0.459 ms
1366;30.889;31.364;31.937;0.197 ms
1367;30.989;31.323;31.997;0.181 ms
1368;30.942;31.321;32.235;0.189 ms
1369;29.755;31.381;31.869;0.259 ms
1370;30.973;31.369;32.141;0.199 ms
1371;30.062;31.360;31.724;0.205 ms
1372;30.876;31.338;31.723;0.176 ms
1373;29.900;31.335;31.839;0.242 ms
1374;29.910;31.437;37.414;0.638 ms
1375;29.659;31.323;32.082;0.249 ms
1376;30.224;31.370;32.176;0.236 ms
1377;31.022;31.390;32.469;0.201 ms
1378;29.785;31.395;31.964;0.256 ms
1379;30.095;31.374;31.922;0.234 ms
1380;30.898;31.364;31.881;0.181 ms
1381;30.046;31.415;36.736;0.593 ms
1382;31.152;31.478;31.951;0.179 ms
1383;30.586;31.451;32.784;0.233 ms
1384;31.020;31.438;31.936;0.191 ms
1385;31.056;31.409;31.837;0.175 ms
1386;29.678;31.288;47.251;1.692 ms
1387;29.623;30.978;31.672;0.644 ms
1388;29.584;30.990;31.747;0.616 ms
1389;30.965;31.363;31.716;0.163 ms
1390;29.791;31.308;31.776;0.278 ms
1391;30.863;31.349;31.918;0.191 ms
1392;31.025;31.627;52.836;2.140 ms
1393;29.797;31.535;31.980;0.301 ms
1394;30.847;31.568;32.141;0.234 ms
1395;30.857;31.554;32.256;0.223 ms
1396;29.753;31.416;32.405;0.508 ms
1397;29.617;31.136;33.121;0.599 ms
1398;30.024;31.385;31.853;0.262 ms
1399;29.738;31.225;32.089;0.519 ms
1400;29.706;31.237;32.050;0.533 ms
1401;29.700;31.297;31.877;0.456 ms
1402;29.681;31.106;31.711;0.500 ms
1403;29.684;31.254;31.663;0.389 ms
1404;29.701;31.239;31.776;0.426 ms
1405;29.643;31.140;31.818;0.565 ms
1406;29.636;31.176;31.960;0.575 ms
1407;29.641;31.367;31.940;0.428 ms
1408;29.544;31.345;43.140;1.271 ms
1409;29.622;31.253;32.152;0.472 ms
1410;29.541;30.987;31.938;0.645 ms
1411;29.584;31.417;56.977;2.618 ms
1412;29.623;31.144;31.886;0.554 ms
1413;31.039;31.512;43.668;1.235 ms
1414;30.811;31.408;34.768;0.380 ms
1415;30.964;31.360;32.893;0.234 ms
1416;30.952;31.359;31.861;0.180 ms
1417;30.200;31.333;31.933;0.209 ms
1418;31.007;31.357;31.716;0.162 ms
1419;29.735;31.327;31.736;0.283 ms
1420;29.722;31.256;37.114;0.723 ms
1421;30.909;31.412;37.808;0.666 ms
1422;31.151;31.478;32.033;0.197 ms
1423;29.614;31.509;58.046;2.724 ms
1424;29.656;31.092;31.965;0.574 ms
1425;29.671;31.449;47.550;1.683 ms
1426;29.714;31.301;32.036;0.432 ms
1427;29.764;31.352;38.195;0.802 ms
1428;29.732;31.219;31.861;0.504 ms
1429;29.590;31.197;31.906;0.541 ms
1430;29.641;31.219;31.798;0.466 ms
1431;29.579;31.302;31.866;0.353 ms
1432;29.726;31.232;31.759;0.401 ms
1433;29.607;31.185;31.721;0.458 ms
1434;29.651;31.198;31.754;0.457 ms
1435;30.996;31.338;31.760;0.181 ms
1436;29.653;31.340;32.234;0.337 ms
1437;29.767;31.228;31.702;0.419 ms
1438;29.647;31.201;32.178;0.587 ms
1439;29.785;31.374;31.805;0.237 ms
1440;29.639;31.188;31.918;0.554 ms
1441;29.765;31.409;32.025;0.243 ms
1442;31.037;31.417;31.784;0.174 ms
1443;30.981;31.405;31.851;0.174 ms
1444;29.667;31.388;31.894;0.243 ms
1445;29.876;31.393;32.242;0.261 ms
1446;29.609;31.188;32.240;0.518 ms
1447;29.664;31.050;31.842;0.613 ms
1448;29.720;31.175;31.760;0.537 ms
1449;29.729;31.130;31.794;0.570 ms
1450;29.741;31.289;32.094;0.491 ms
1451;29.728;31.279;31.771;0.433 ms
1452;29.762;31.202;36.821;0.813 ms
1453;29.710;31.309;31.993;0.307 ms
1454;29.837;31.304;31.802;0.317 ms
1455;31.065;31.382;32.137;0.164 ms
1456;31.016;31.419;31.856;0.172 ms
1457;31.033;31.422;31.823;0.158 ms
1458;31.141;31.508;32.372;0.216 ms
1459;31.121;31.481;33.474;0.269 ms
1460;30.162;31.421;31.955;0.238 ms
1461;29.644;31.249;32.089;0.465 ms
1462;30.049;31.349;31.853;0.277 ms
1463;29.763;31.310;31.964;0.340 ms
1464;29.753;31.399;31.931;0.241 ms
1465;29.826;31.333;32.157;0.376 ms
1466;29.719;31.458;51.987;2.110 ms
1467;29.710;31.271;31.790;0.411 ms
1468;29.572;31.231;31.729;0.409 ms
1469;29.689;31.352;31.805;0.386 ms
1470;29.723;31.501;50.283;1.915 ms
1471;29.654;31.322;31.693;0.279 ms
1472;29.839;31.560;52.699;2.138 ms
