16;98.822;99.664;100.650;0.380 ms
17;98.811;99.792;100.684;0.391 ms
18;98.986;99.989;100.827;0.433 ms
19;98.846;100.003;107.752;0.992 ms
20;98.761;99.892;100.804;0.441 ms
21;98.772;99.729;100.749;0.427 ms
22;98.788;99.790;100.580;0.407 ms
23;98.967;99.710;101.022;0.353 ms
24;99.035;99.865;100.684;0.328 ms
25;98.966;99.789;101.045;0.330 ms
26;98.781;99.880;104.180;0.603 ms
27;99.297;100.969;102.204;0.587 ms
28;98.942;100.072;111.478;1.450 ms
29;98.842;99.824;100.794;0.419 ms
30;99.083;99.882;102.229;0.443 ms
31;98.939;99.968;100.826;0.344 ms
32;98.832;99.810;100.651;0.411 ms
33;99.039;99.869;101.728;0.381 ms
34;99.248;100.240;125.058;2.902 ms
35;99.056;99.887;100.745;0.418 ms
36;98.976;99.913;100.639;0.370 ms
37;98.777;99.822;100.666;0.416 ms
38;98.822;99.883;100.573;0.379 ms
39;98.919;99.856;100.541;0.368 ms
40;99.012;99.983;100.743;0.408 ms
41;99.067;99.942;100.742;0.380 ms
42;98.900;99.934;100.611;0.355 ms
43;98.874;99.918;100.834;0.420 ms
44;98.873;100.053;102.583;0.542 ms
45;98.976;100.168;102.855;0.584 ms
46;98.862;99.965;100.707;0.425 ms
47;98.904;99.912;100.614;0.427 ms
48;99.010;99.913;100.557;0.389 ms
49;99.036;100.093;100.878;0.370 ms
50;98.833;99.937;100.826;0.435 ms
51;99.158;99.995;100.750;0.321 ms
52;98.866;99.994;100.815;0.370 ms
53;99.009;99.987;100.902;0.397 ms
54;98.907;100.014;100.936;0.434 ms
55;99.140;100.053;100.859;0.361 ms
56;98.947;99.927;100.710;0.420 ms
57;98.907;99.970;101.860;0.542 ms
58;99.008;100.030;100.617;0.362 ms
59;98.927;99.950;100.676;0.414 ms
60;98.935;99.979;100.729;0.392 ms
61;98.865;100.665;116.698;2.493 ms
62;98.803;100.089;105.400;0.935 ms
63;98.955;99.923;100.777;0.432 ms
64;98.917;100.799;119.242;3.668 ms
65;98.996;100.085;105.552;0.758 ms
66;98.933;99.995;100.656;0.421 ms
67;98.820;99.885;100.686;0.473 ms
68;98.841;99.963;100.875;0.427 ms
69;98.808;100.005;102.967;0.571 ms
70;98.949;100.003;100.682;0.367 ms
71;98.912;100.732;106.569;1.805 ms
72;98.777;106.191;134.351;9.989 ms
73;98.817;100.387;105.532;1.422 ms
74;98.881;107.985;134.914;10.219 ms
75;99.058;101.598;111.999;3.039 ms
76;98.841;101.425;110.078;2.460 ms
77;98.797;102.493;124.665;4.890 ms
78;98.855;101.082;107.023;1.853 ms
79;98.758;100.260;105.398;1.356 ms
80;98.759;100.298;106.275;1.278 ms
81;98.824;99.857;102.531;0.811 ms
82;99.081;100.134;105.964;0.792 ms
83;98.897;100.092;100.687;0.416 ms
84;98.791;100.112;100.878;0.399 ms
85;98.951;100.060;100.813;0.394 ms
86;98.972;100.303;118.187;2.119 ms
87;98.790;100.062;100.749;0.438 ms
88;98.688;100.092;104.162;0.648 ms
89;98.886;100.419;122.389;2.588 ms
90;99.182;100.127;100.890;0.395 ms
91;99.178;100.182;100.834;0.417 ms
92;98.937;100.000;100.727;0.458 ms
93;99.012;100.020;100.779;0.455 ms
94;99.045;100.190;100.820;0.371 ms
95;98.986;100.156;100.772;0.375 ms
96;99.008;100.129;100.751;0.382 ms
97;98.875;100.178;100.794;0.427 ms
98;98.817;100.160;101.011;0.409 ms
99;98.953;100.117;100.697;0.381 ms
100;99.025;100.223;100.876;0.412 ms
101;98.923;100.181;100.832;0.364 ms
102;99.045;100.278;100.849;0.383 ms
103;99.085;100.298;101.004;0.366 ms
104;98.914;100.279;100.936;0.385 ms
105;98.827;100.190;102.534;0.522 ms
106;98.991;100.208;100.791;0.326 ms
107;98.874;100.077;101.337;0.468 ms
108;99.117;99.953;100.980;0.456 ms
109;98.997;100.342;102.379;0.511 ms
110;98.784;100.365;102.994;0.707 ms
111;99.258;100.565;103.426;0.703 ms
112;98.948;100.282;105.239;0.682 ms
113;98.996;100.230;100.813;0.371 ms
114;99.281;100.273;100.980;0.344 ms
115;98.781;100.223;100.783;0.382 ms
116;98.954;100.162;100.789;0.386 ms
117;98.929;100.076;100.734;0.466 ms
118;98.765;100.069;100.786;0.491 ms
119;99.034;100.254;100.968;0.300 ms
120;99.260;100.320;100.821;0.309 ms
121;99.075;100.489;122.399;2.579 ms
122;99.009;100.277;100.942;0.390 ms
123;98.910;100.283;100.839;0.339 ms
124;99.129;100.241;100.893;0.325 ms
125;98.861;100.183;100.743;0.432 ms
126;99.110;100.411;110.125;1.179 ms
127;98.946;100.288;100.835;0.310 ms
128;98.915;100.263;100.807;0.345 ms
129;99.043;100.274;100.954;0.354 ms
130;98.811;100.270;100.768;0.370 ms
131;99.236;100.274;100.813;0.351 ms
132;98.783;100.198;100.770;0.401 ms
133;99.270;100.279;100.851;0.277 ms
134;98.796;100.277;100.855;0.340 ms
135;99.128;100.295;100.938;0.344 ms
136;98.799;100.229;100.799;0.417 ms
137;99.002;100.209;100.763;0.379 ms
138;98.920;100.372;113.175;1.542 ms
139;98.901;100.195;100.764;0.381 ms
140;99.090;100.246;100.806;0.379 ms
141;99.066;100.306;100.844;0.369 ms
142;99.053;100.277;100.726;0.289 ms
143;99.140;100.349;101.166;0.279 ms
144;99.145;100.285;101.049;0.361 ms
145;99.103;100.312;100.925;0.285 ms
146;98.855;100.420;103.172;0.427 ms
147;99.188;100.215;100.919;0.402 ms
148;98.948;100.296;100.902;0.319 ms
149;98.786;100.352;101.715;0.414 ms
150;99.302;100.300;100.868;0.316 ms
151;99.354;100.696;130.008;3.421 ms
152;98.947;100.299;101.088;0.399 ms
153;99.244;100.654;126.610;3.032 ms
154;99.055;100.284;101.359;0.370 ms
155;99.109;100.318;101.329;0.374 ms
156;98.823;100.430;102.715;0.612 ms
157;99.225;100.352;100.881;0.335 ms
158;98.914;100.311;101.281;0.380 ms
159;99.049;100.280;100.803;0.333 ms
160;98.794;100.196;100.702;0.448 ms
161;98.970;100.276;101.427;0.380 ms
162;98.949;100.253;100.809;0.346 ms
163;98.962;100.314;100.937;0.362 ms
164;99.191;100.326;100.791;0.265 ms
165;99.117;100.296;100.877;0.304 ms
166;98.966;100.388;106.211;0.760 ms
167;99.009;100.261;100.848;0.359 ms
168;99.177;100.270;100.996;0.329 ms
169;99.415;100.390;101.001;0.285 ms
170;99.193;100.293;100.918;0.294 ms
171;99.240;100.376;100.829;0.232 ms
172;100.060;100.432;100.895;0.201 ms
173;99.232;100.433;101.019;0.281 ms
174;99.109;100.245;100.835;0.417 ms
175;98.836;100.400;101.117;0.327 ms
176;99.506;100.337;100.889;0.259 ms
177;99.035;100.316;100.914;0.325 ms
178;99.264;100.299;100.810;0.320 ms
179;98.985;100.389;101.053;0.380 ms
180;99.044;100.359;101.311;0.457 ms
181;99.029;100.335;100.918;0.369 ms
182;99.160;100.373;100.932;0.313 ms
183;98.918;100.227;100.876;0.413 ms
184;98.901;100.315;100.789;0.346 ms
185;99.219;100.349;101.208;0.296 ms
186;98.946;100.418;100.908;0.252 ms
187;99.320;100.338;101.330;0.313 ms
188;99.202;100.279;100.762;0.321 ms
189;98.940;100.337;100.865;0.311 ms
190;99.431;100.396;105.736;0.675 ms
191;99.108;100.262;100.806;0.348 ms
192;99.090;100.472;101.135;0.410 ms
193;99.002;100.339;100.843;0.310 ms
194;99.060;100.398;101.099;0.283 ms
195;99.072;100.363;100.758;0.313 ms
196;99.278;100.378;100.788;0.248 ms
197;98.948;100.312;100.803;0.335 ms
198;99.195;100.386;100.905;0.352 ms
199;99.352;100.390;100.923;0.293 ms
200;99.267;100.352;101.697;0.328 ms
201;98.737;100.309;102.193;0.461 ms
202;99.126;100.429;102.048;0.321 ms
203;99.426;100.512;101.136;0.294 ms
204;99.137;100.336;100.930;0.322 ms
205;99.411;100.372;100.922;0.267 ms
206;98.826;100.366;100.851;0.299 ms
207;99.302;100.394;101.333;0.292 ms
208;99.094;100.428;100.860;0.284 ms
209;99.445;100.361;100.787;0.260 ms
210;99.200;100.347;100.970;0.299 ms
211;99.147;100.378;100.884;0.245 ms
212;99.190;100.386;100.960;0.297 ms
213;99.100;100.395;101.017;0.278 ms
214;98.889;100.325;101.078;0.315 ms
215;98.917;100.370;100.929;0.351 ms
216;99.068;100.310;100.805;0.344 ms
217;98.953;100.353;100.850;0.334 ms
218;98.886;100.396;101.044;0.375 ms
219;99.541;100.412;101.242;0.289 ms
220;99.176;100.589;103.073;0.583 ms
221;99.109;100.553;107.506;0.888 ms
222;99.291;100.327;100.801;0.301 ms
223;98.977;100.365;100.865;0.314 ms
224;99.255;100.357;103.632;0.502 ms
225;98.942;100.316;100.953;0.352 ms
226;99.612;100.377;100.957;0.229 ms
227;98.868;100.381;101.143;0.284 ms
228;99.065;100.337;100.913;0.324 ms
229;98.792;100.391;105.553;0.700 ms
230;98.864;100.310;100.744;0.331 ms
231;99.328;100.309;100.841;0.306 ms
232;99.086;100.497;109.804;1.125 ms
233;99.439;100.366;100.838;0.237 ms
234;99.104;100.376;102.029;0.374 ms
235;99.974;101.606;103.056;1.088 ms
236;101.439;103.003;129.495;3.087 ms
237;101.345;102.598;103.457;0.331 ms
238;99.200;101.126;121.950;2.610 ms
239;99.193;100.404;101.039;0.264 ms
240;99.003;100.423;100.968;0.308 ms
241;99.027;100.366;100.901;0.317 ms
242;99.380;100.410;100.856;0.222 ms
243;99.385;100.454;100.854;0.245 ms
244;99.223;100.386;100.867;0.319 ms
245;99.643;100.444;100.842;0.209 ms
246;99.413;100.344;100.945;0.293 ms
247;99.324;100.310;101.452;0.372 ms
248;98.754;100.236;100.898;0.442 ms
249;98.813;100.638;125.784;2.946 ms
250;98.983;100.395;101.197;0.375 ms
251;99.007;100.525;110.045;1.170 ms
252;99.274;100.560;101.257;0.330 ms
253;99.474;100.587;101.288;0.296 ms
254;98.943;100.363;101.020;0.428 ms
255;98.992;100.374;100.958;0.379 ms
256;99.092;100.618;116.410;1.860 ms
257;98.966;100.612;120.488;2.335 ms
258;98.908;100.333;100.993;0.376 ms
259;99.009;100.302;100.950;0.328 ms
260;99.233;100.321;100.890;0.324 ms
261;98.926;100.349;100.905;0.311 ms
262;99.439;100.341;100.903;0.272 ms
263;99.227;100.284;100.898;0.352 ms
264;99.195;100.265;100.998;0.395 ms
265;99.073;100.312;100.955;0.353 ms
266;98.937;100.289;100.794;0.383 ms
267;99.069;100.288;100.754;0.369 ms
268;98.852;100.253;101.088;0.423 ms
269;98.950;100.246;100.937;0.415 ms
270;98.847;100.333;101.008;0.442 ms
271;99.278;100.369;100.865;0.340 ms
272;98.951;100.424;100.932;0.301 ms
273;99.515;100.393;100.967;0.264 ms
274;99.063;100.334;100.933;0.324 ms
275;98.853;100.740;127.700;3.155 ms
276;99.418;100.469;101.014;0.270 ms
277;99.283;100.390;100.992;0.315 ms
278;99.120;100.323;100.946;0.330 ms
279;99.411;100.367;100.901;0.267 ms
280;99.095;100.402;100.974;0.282 ms
281;98.968;100.397;103.097;0.462 ms
282;98.798;100.370;101.271;0.393 ms
283;99.001;100.337;101.192;0.377 ms
284;98.993;100.477;108.524;0.993 ms
285;99.290;100.579;101.419;0.320 ms
286;99.303;100.384;101.019;0.358 ms
287;99.302;100.421;100.945;0.258 ms
288;99.588;100.476;100.977;0.201 ms
289;99.204;100.391;100.960;0.341 ms
290;99.266;100.385;100.865;0.296 ms
291;99.325;100.390;100.991;0.310 ms
292;99.041;100.393;100.972;0.342 ms
293;99.458;100.431;100.977;0.306 ms
294;99.364;100.362;100.863;0.309 ms
295;99.420;100.418;100.948;0.250 ms
296;98.950;100.421;101.023;0.380 ms
297;98.964;100.432;101.006;0.381 ms
298;99.214;100.434;101.030;0.269 ms
299;98.900;100.381;100.950;0.304 ms
300;99.599;100.465;101.024;0.293 ms
301;99.445;100.533;107.838;0.889 ms
302;98.771;100.490;109.470;1.095 ms
303;99.159;100.815;115.675;1.959 ms
304;99.236;100.376;101.232;0.376 ms
305;99.066;100.391;100.893;0.293 ms
306;99.142;100.349;101.289;0.312 ms
307;99.283;100.516;101.004;0.307 ms
308;99.452;100.528;101.086;0.313 ms
309;98.943;100.348;100.897;0.352 ms
310;98.980;100.344;100.950;0.350 ms
311;99.408;100.408;101.081;0.316 ms
312;100.041;100.496;101.031;0.199 ms
313;99.161;100.396;101.004;0.293 ms
314;99.409;100.503;101.078;0.262 ms
315;99.054;100.444;108.154;0.956 ms
316;99.757;100.567;101.079;0.250 ms
317;99.501;100.443;100.808;0.240 ms
318;99.419;100.460;100.917;0.287 ms
319;98.844;100.276;100.925;0.421 ms
320;99.305;100.391;100.898;0.309 ms
321;99.623;100.436;101.135;0.289 ms
322;98.902;100.361;100.805;0.342 ms
323;99.105;100.404;101.165;0.312 ms
324;98.921;100.312;100.847;0.282 ms
325;98.879;100.417;100.992;0.307 ms
326;98.940;100.407;100.902;0.285 ms
327;99.451;100.484;101.144;0.227 ms
328;99.517;100.452;101.080;0.217 ms
329;98.874;100.339;100.922;0.369 ms
330;99.726;100.413;100.801;0.223 ms
331;99.186;100.451;101.064;0.269 ms
332;99.143;100.391;100.872;0.309 ms
333;98.964;100.387;100.974;0.285 ms
334;98.961;100.332;104.403;0.604 ms
335;98.871;100.675;120.734;2.351 ms
336;99.654;100.424;100.890;0.243 ms
337;99.158;100.433;102.727;0.364 ms
338;99.290;100.302;100.808;0.330 ms
339;99.214;100.400;100.988;0.314 ms
340;99.458;100.320;101.173;0.344 ms
341;98.851;100.404;100.851;0.274 ms
342;99.113;100.398;101.062;0.273 ms
343;99.514;100.441;100.933;0.281 ms
344;99.305;100.437;100.835;0.255 ms
345;99.678;100.420;100.966;0.269 ms
346;99.411;100.437;100.846;0.229 ms
347;98.932;100.399;100.906;0.326 ms
348;99.789;100.569;106.063;0.675 ms
349;99.546;100.497;104.982;0.574 ms
350;100.022;100.582;108.331;0.920 ms
351;99.061;100.465;101.007;0.312 ms
352;99.433;100.594;104.982;0.595 ms
353;98.873;100.351;100.955;0.392 ms
354;99.138;100.417;101.092;0.367 ms
355;98.852;100.387;100.900;0.323 ms
356;99.169;100.419;100.885;0.318 ms
357;99.352;100.455;101.003;0.315 ms
358;99.563;100.468;101.192;0.249 ms
359;99.223;100.436;100.883;0.260 ms
360;99.673;100.506;100.955;0.231 ms
361;98.950;100.383;100.912;0.366 ms
362;99.751;100.421;101.169;0.236 ms
363;98.909;100.608;101.460;0.375 ms
364;99.412;100.743;101.396;0.259 ms
365;99.117;100.619;101.388;0.380 ms
366;99.627;100.575;105.984;0.695 ms
367;100.116;100.489;100.848;0.175 ms
368;100.212;100.520;100.942;0.175 ms
369;99.317;100.461;101.036;0.275 ms
370;99.444;100.479;100.979;0.222 ms
371;99.266;100.519;100.995;0.270 ms
372;99.007;100.409;100.885;0.302 ms
373;99.243;100.690;120.816;2.360 ms
374;99.155;100.412;101.079;0.343 ms
375;98.951;100.450;101.368;0.339 ms
376;98.842;100.387;102.009;0.400 ms
377;98.925;100.348;100.859;0.414 ms
378;99.220;100.431;100.944;0.296 ms
379;98.997;100.601;108.275;0.936 ms
380;100.038;100.547;101.137;0.233 ms
381;99.076;100.628;101.214;0.281 ms
382;100.206;100.703;101.204;0.189 ms
383;99.117;100.570;101.082;0.395 ms
384;98.968;100.724;101.213;0.348 ms
385;99.664;100.767;106.960;0.768 ms
386;99.496;100.702;101.169;0.253 ms
387;99.170;100.653;101.213;0.301 ms
388;99.865;100.728;101.318;0.244 ms
389;99.371;100.694;101.123;0.251 ms
390;99.110;100.657;101.211;0.297 ms
391;99.241;100.806;113.484;1.498 ms
392;99.210;100.602;101.229;0.323 ms
393;99.306;100.710;101.222;0.256 ms
394;99.809;100.842;101.334;0.244 ms
395;99.933;101.200;103.818;0.742 ms
396;100.154;101.401;103.521;0.847 ms
397;99.611;100.764;110.148;1.121 ms
398;99.795;100.706;101.213;0.224 ms
399;99.664;100.680;101.434;0.247 ms
400;100.023;100.661;101.258;0.240 ms
401;99.502;100.643;101.130;0.243 ms
402;99.655;100.700;103.638;0.427 ms
403;100.340;100.726;101.307;0.197 ms
404;99.543;100.673;101.254;0.246 ms
405;100.279;100.730;101.151;0.189 ms
406;99.714;100.626;103.778;0.459 ms
407;99.243;100.473;101.104;0.274 ms
408;99.555;100.516;101.029;0.211 ms
409;99.461;100.474;100.947;0.252 ms
410;99.548;100.479;101.033;0.288 ms
411;99.388;100.456;101.079;0.292 ms
412;99.133;100.452;101.121;0.295 ms
413;99.364;100.449;101.096;0.290 ms
414;99.678;100.507;101.101;0.233 ms
415;99.584;100.505;101.202;0.277 ms
416;99.119;100.508;101.172;0.325 ms
417;99.127;100.588;101.204;0.353 ms
418;100.134;100.806;108.529;0.928 ms
419;99.986;100.719;101.190;0.221 ms
420;99.135;100.534;101.135;0.356 ms
421;98.906;100.505;100.985;0.290 ms
422;99.756;100.570;101.742;0.275 ms
423;99.193;100.432;101.097;0.340 ms
424;99.527;100.384;101.392;0.279 ms
425;99.115;100.308;100.845;0.350 ms
426;99.488;100.430;100.942;0.290 ms
427;99.756;100.519;100.991;0.209 ms
428;98.919;100.415;101.016;0.369 ms
429;98.925;100.460;100.967;0.326 ms
430;99.442;100.513;101.262;0.284 ms
431;99.686;100.479;100.986;0.250 ms
432;99.108;100.462;101.059;0.286 ms
433;99.404;100.502;101.105;0.249 ms
434;99.530;100.484;100.910;0.247 ms
435;99.374;100.504;100.918;0.243 ms
436;100.053;100.535;101.018;0.197 ms
437;98.950;100.493;101.719;0.374 ms
438;98.847;100.386;101.054;0.365 ms
439;99.301;100.467;100.980;0.292 ms
440;98.965;100.410;101.160;0.369 ms
441;98.988;100.452;100.924;0.316 ms
442;98.942;100.452;100.973;0.318 ms
443;98.844;100.461;101.002;0.320 ms
444;99.261;100.473;101.088;0.310 ms
445;99.396;100.467;101.172;0.288 ms
446;98.862;100.478;101.184;0.394 ms
447;99.199;100.595;101.704;0.357 ms
448;99.228;100.969;127.808;3.148 ms
449;99.531;100.836;103.507;0.745 ms
450;99.484;101.394;103.322;0.984 ms
451;99.453;100.530;102.812;0.499 ms
452;99.014;100.416;101.108;0.379 ms
453;99.280;100.432;101.184;0.312 ms
454;99.024;100.399;101.006;0.393 ms
455;99.054;100.400;101.045;0.312 ms
456;99.673;100.511;101.071;0.232 ms
457;99.258;100.465;100.897;0.273 ms
458;99.246;100.454;100.979;0.294 ms
459;99.310;100.468;101.312;0.296 ms
460;98.868;100.396;101.031;0.404 ms
461;98.883;100.390;100.968;0.407 ms
462;99.458;100.547;101.071;0.258 ms
463;98.902;100.465;101.083;0.422 ms
464;99.128;100.494;101.436;0.303 ms
465;98.994;100.451;101.102;0.313 ms
466;99.272;100.686;101.323;0.269 ms
467;100.266;100.682;101.936;0.231 ms
468;100.246;100.551;101.107;0.176 ms
469;99.156;100.478;101.018;0.320 ms
470;99.720;100.571;101.097;0.199 ms
471;99.466;100.577;101.082;0.265 ms
472;99.373;100.781;103.060;0.665 ms
473;99.188;101.728;103.615;0.963 ms
474;99.544;100.541;101.002;0.262 ms
475;99.438;100.638;101.134;0.223 ms
476;100.021;100.648;101.139;0.205 ms
477;100.034;101.142;130.852;3.459 ms
478;99.366;100.691;101.188;0.260 ms
479;99.196;100.723;104.639;0.600 ms
480;99.708;100.758;101.337;0.287 ms
481;99.824;100.843;107.194;0.776 ms
482;99.647;100.749;101.153;0.246 ms
483;99.343;100.783;101.331;0.277 ms
484;99.102;100.596;101.230;0.416 ms
485;99.173;100.653;101.569;0.407 ms
486;100.318;100.802;101.244;0.204 ms
487;100.305;100.823;101.459;0.202 ms
488;100.501;100.807;101.156;0.165 ms
489;100.370;100.751;101.256;0.180 ms
490;99.795;100.595;101.187;0.254 ms
491;98.971;100.531;101.203;0.334 ms
492;100.000;100.525;101.059;0.248 ms
493;100.179;100.612;101.102;0.182 ms
494;99.625;100.793;118.026;2.022 ms
495;99.251;100.509;100.959;0.340 ms
496;99.784;100.513;101.008;0.221 ms
497;99.480;100.483;100.974;0.289 ms
498;99.197;100.546;101.092;0.317 ms
499;99.894;100.653;101.324;0.270 ms
500;99.527;100.665;101.297;0.346 ms
501;99.198;100.594;101.277;0.336 ms
502;99.885;100.618;101.018;0.218 ms
503;98.953;100.547;101.154;0.326 ms
504;99.479;100.515;100.992;0.246 ms
505;100.105;100.580;101.211;0.225 ms
506;99.770;100.532;101.259;0.265 ms
507;99.129;100.469;101.394;0.393 ms
508;99.387;100.605;101.445;0.287 ms
509;99.588;100.585;101.036;0.219 ms
510;99.375;100.616;101.450;0.314 ms
511;99.611;101.057;128.189;3.167 ms
512;99.623;100.687;101.320;0.314 ms
513;100.266;100.836;111.403;1.251 ms
514;99.978;100.558;101.145;0.228 ms
515;99.535;100.559;101.311;0.286 ms
516;98.814;100.549;101.057;0.284 ms
517;100.070;100.593;101.049;0.217 ms
518;99.326;100.498;101.274;0.273 ms
519;99.284;100.433;101.390;0.320 ms
520;99.180;100.541;101.111;0.259 ms
521;99.447;100.518;101.004;0.232 ms
522;99.166;100.503;101.083;0.297 ms
523;99.034;100.483;100.978;0.287 ms
524;99.012;100.555;101.105;0.331 ms
525;99.322;100.531;101.055;0.274 ms
526;99.375;100.819;126.454;2.994 ms
527;99.268;100.441;101.071;0.320 ms
528;99.175;100.504;101.022;0.290 ms
529;99.329;100.495;100.911;0.280 ms
530;99.126;100.482;100.971;0.324 ms
531;99.122;100.320;101.268;0.424 ms
532;99.273;100.450;101.383;0.384 ms
533;98.914;100.763;124.175;2.756 ms
534;99.588;100.572;101.113;0.276 ms
535;99.160;100.499;101.252;0.293 ms
536;100.016;100.544;101.130;0.241 ms
537;99.263;100.472;101.034;0.363 ms
538;99.213;100.429;101.029;0.327 ms
539;98.908;100.398;101.174;0.377 ms
540;99.575;100.512;101.052;0.300 ms
541;99.362;100.523;100.979;0.247 ms
542;99.671;100.589;101.067;0.240 ms
543;99.067;100.521;101.277;0.328 ms
544;99.218;100.484;101.091;0.340 ms
545;99.255;100.534;101.257;0.299 ms
546;99.382;100.519;101.086;0.299 ms
547;99.405;100.570;101.442;0.271 ms
548;99.832;100.607;101.372;0.281 ms
549;99.973;100.682;101.436;0.290 ms
550;99.603;100.739;102.353;0.333 ms
551;99.440;100.830;113.377;1.493 ms
552;99.320;100.680;101.252;0.334 ms
553;99.319;100.727;101.468;0.368 ms
554;100.338;100.751;101.297;0.202 ms
555;100.130;100.737;101.174;0.210 ms
556;100.064;100.763;101.314;0.228 ms
557;99.759;100.756;101.392;0.277 ms
558;99.938;100.788;101.430;0.233 ms
559;99.554;100.783;101.281;0.251 ms
560;99.939;100.596;101.146;0.200 ms
561;99.898;100.586;101.107;0.236 ms
562;99.058;100.576;101.313;0.291 ms
563;99.978;100.626;101.432;0.255 ms
564;100.265;100.619;101.046;0.187 ms
565;99.211;100.541;101.104;0.283 ms
566;99.271;100.523;101.125;0.344 ms
567;99.675;100.650;101.599;0.264 ms
568;99.275;100.574;100.996;0.285 ms
569;99.640;100.723;101.682;0.306 ms
570;99.868;100.757;101.205;0.225 ms
571;99.162;100.681;101.254;0.383 ms
572;100.278;100.789;101.278;0.236 ms
573;99.536;100.755;101.325;0.280 ms
574;99.408;100.754;101.269;0.320 ms
575;99.843;100.710;101.340;0.240 ms
576;98.831;100.318;101.110;0.503 ms
577;98.899;100.265;101.090;0.551 ms
578;100.259;100.623;101.125;0.208 ms
579;99.307;100.543;100.966;0.244 ms
580;99.992;100.564;100.986;0.206 ms
581;99.628;100.617;101.043;0.257 ms
582;99.372;100.596;101.314;0.243 ms
583;99.444;100.581;101.166;0.264 ms
584;99.390;100.604;101.083;0.284 ms
585;99.845;100.640;101.126;0.198 ms
586;99.788;100.616;101.273;0.255 ms
587;99.065;100.607;101.048;0.266 ms
588;99.972;100.601;101.053;0.200 ms
589;99.716;100.606;100.962;0.199 ms
590;99.467;100.665;101.274;0.240 ms
591;100.198;100.640;101.121;0.195 ms
592;100.065;100.590;101.204;0.204 ms
593;100.236;100.624;101.180;0.214 ms
594;99.477;100.710;101.134;0.263 ms
595;100.253;100.802;101.216;0.203 ms
596;100.325;100.818;101.285;0.204 ms
597;99.575;100.578;101.125;0.234 ms
598;99.206;100.606;101.110;0.253 ms
599;98.910;100.637;101.043;0.281 ms
600;98.973;100.537;101.263;0.331 ms
601;98.935;100.584;101.210;0.370 ms
602;99.783;100.647;101.217;0.257 ms
603;99.314;100.676;107.244;0.821 ms
604;99.050;100.573;101.025;0.314 ms
605;98.854;100.578;101.155;0.272 ms
606;100.210;100.715;101.445;0.242 ms
607;99.183;100.785;101.622;0.320 ms
608;99.040;100.484;101.440;0.625 ms
609;100.311;100.840;101.221;0.185 ms
610;99.128;100.770;101.323;0.326 ms
611;100.177;100.784;101.322;0.230 ms
612;100.051;100.802;101.330;0.243 ms
613;100.055;100.833;101.321;0.231 ms
614;99.810;100.729;101.325;0.258 ms
615;100.300;100.868;101.303;0.221 ms
616;99.127;100.647;101.317;0.443 ms
617;98.976;100.356;101.085;0.559 ms
618;98.909;100.538;101.314;0.386 ms
619;99.442;100.584;101.104;0.301 ms
620;99.116;100.517;101.081;0.306 ms
621;99.242;100.600;101.130;0.311 ms
622;99.045;100.599;101.248;0.299 ms
623;99.850;100.604;101.289;0.252 ms
624;99.421;100.593;101.241;0.254 ms
625;99.146;100.561;101.845;0.339 ms
626;99.271;100.488;100.993;0.281 ms
627;100.320;100.833;101.228;0.201 ms
628;100.174;100.826;101.253;0.256 ms
629;99.836;100.731;101.301;0.236 ms
630;100.141;100.911;116.879;1.868 ms
631;99.409;100.622;101.303;0.346 ms
632;100.150;100.702;101.547;0.237 ms
633;98.944;100.679;101.200;0.310 ms
634;98.955;101.002;125.850;2.902 ms
635;99.395;100.731;102.625;0.353 ms
636;99.119;100.655;101.539;0.416 ms
637;99.732;100.696;101.419;0.267 ms
638;99.067;100.654;101.715;0.373 ms
639;100.092;100.665;101.177;0.227 ms
640;99.037;100.636;102.017;0.356 ms
641;98.952;100.571;121.728;2.547 ms
642;99.503;100.715;106.817;0.745 ms
643;100.304;100.934;111.095;1.197 ms
644;100.358;100.851;101.436;0.210 ms
645;100.244;100.859;101.641;0.229 ms
646;99.944;100.816;101.337;0.226 ms
647;99.897;100.839;101.245;0.210 ms
648;99.531;100.874;101.312;0.260 ms
649;100.320;100.832;101.300;0.219 ms
650;99.354;100.772;101.311;0.269 ms
651;99.312;100.879;101.344;0.302 ms
652;99.046;100.442;101.309;0.658 ms
653;100.290;100.848;101.323;0.220 ms
654;100.076;100.787;101.627;0.250 ms
655;100.093;100.787;101.279;0.231 ms
656;99.358;101.226;103.075;0.606 ms
657;99.974;101.027;102.629;0.556 ms
658;100.227;100.962;108.817;0.944 ms
659;100.375;100.819;101.286;0.213 ms
660;99.103;100.748;101.275;0.334 ms
661;99.652;100.817;101.219;0.260 ms
662;100.282;100.800;101.442;0.237 ms
663;100.236;100.857;101.456;0.243 ms
664;99.718;100.845;101.729;0.265 ms
665;99.496;100.728;101.305;0.359 ms
666;100.482;100.913;101.417;0.192 ms
667;100.383;100.855;101.270;0.197 ms
668;100.453;100.804;101.317;0.168 ms
669;99.615;100.802;101.623;0.266 ms
670;99.260;100.739;101.210;0.291 ms
671;100.383;100.862;101.227;0.171 ms
672;99.815;100.710;101.198;0.259 ms
673;99.172;100.684;101.298;0.388 ms
674;99.659;100.800;101.279;0.240 ms
675;99.296;100.806;101.399;0.292 ms
676;100.416;100.845;101.642;0.219 ms
677;99.858;100.753;101.419;0.244 ms
678;99.666;100.718;101.306;0.288 ms
679;100.318;100.784;101.360;0.223 ms
680;99.936;100.940;107.658;0.815 ms
681;100.186;100.832;101.268;0.209 ms
682;100.397;100.853;101.229;0.181 ms
683;99.878;100.822;101.448;0.270 ms
684;99.516;100.776;101.280;0.249 ms
685;99.482;100.772;101.469;0.321 ms
686;99.391;100.740;101.245;0.303 ms
687;100.359;100.903;101.278;0.211 ms
688;100.451;100.836;101.440;0.201 ms
689;100.266;100.833;101.250;0.215 ms
690;100.368;101.048;117.509;1.926 ms
691;99.931;100.770;101.287;0.266 ms
692;99.291;100.783;101.296;0.347 ms
693;99.312;100.735;101.186;0.285 ms
694;100.004;100.792;101.229;0.225 ms
695;99.213;100.760;101.265;0.402 ms
696;99.041;100.486;101.328;0.624 ms
697;99.504;100.803;101.676;0.331 ms
698;99.734;100.648;104.226;0.502 ms
699;100.336;100.676;101.056;0.167 ms
700;100.285;100.745;101.254;0.228 ms
701;99.880;100.657;101.155;0.229 ms
702;99.672;100.606;101.216;0.251 ms
703;99.540;100.596;101.129;0.258 ms
704;99.302;100.524;101.021;0.322 ms
705;99.634;100.731;101.272;0.268 ms
706;99.718;100.828;101.300;0.239 ms
707;99.100;100.366;101.230;0.607 ms
708;99.070;100.544;101.312;0.486 ms
709;99.784;100.712;101.282;0.268 ms
710;99.354;100.785;101.321;0.269 ms
711;100.030;100.897;108.707;0.939 ms
712;100.508;100.941;106.268;0.654 ms
713;99.139;100.779;101.194;0.351 ms
714;99.534;100.840;101.604;0.283 ms
715;99.738;100.789;101.426;0.290 ms
716;99.043;100.434;101.438;0.673 ms
717;99.623;100.847;101.442;0.244 ms
718;99.850;101.031;115.382;1.762 ms
719;99.141;100.753;101.477;0.380 ms
720;100.070;100.708;101.469;0.253 ms
721;99.082;100.638;101.213;0.319 ms
722;99.699;100.624;101.135;0.225 ms
723;99.341;100.621;101.170;0.282 ms
724;99.465;100.529;101.276;0.291 ms
725;99.320;100.507;101.061;0.337 ms
726;99.629;100.723;101.313;0.323 ms
727;99.783;100.971;103.579;0.668 ms
728;99.792;101.101;103.559;0.695 ms
729;99.160;100.450;100.981;0.332 ms
730;100.157;100.622;101.133;0.199 ms
731;99.500;100.634;101.268;0.259 ms
732;99.503;100.630;101.114;0.254 ms
733;99.607;100.633;101.338;0.270 ms
734;99.698;100.575;101.052;0.261 ms
735;99.675;100.586;101.157;0.298 ms
736;99.605;100.717;101.194;0.229 ms
737;99.578;100.663;101.265;0.286 ms
738;99.019;100.582;101.105;0.313 ms
739;99.588;100.673;103.510;0.433 ms
740;99.361;100.592;101.329;0.354 ms
741;99.027;100.573;101.315;0.428 ms
742;99.450;100.668;101.183;0.287 ms
743;99.348;100.585;101.203;0.337 ms
744;99.508;100.718;101.470;0.296 ms
745;99.275;100.682;101.584;0.395 ms
746;99.718;100.831;101.520;0.258 ms
747;100.289;100.836;101.258;0.223 ms
748;99.979;100.835;101.236;0.235 ms
749;99.662;100.807;101.562;0.285 ms
750;99.085;100.686;101.276;0.332 ms
751;98.997;100.584;101.231;0.328 ms
752;98.937;100.637;107.103;0.884 ms
753;99.519;100.618;101.321;0.290 ms
754;99.559;100.582;101.829;0.355 ms
755;99.330;100.635;101.218;0.314 ms
756;100.155;100.671;101.262;0.223 ms
757;100.037;100.673;101.081;0.225 ms
758;99.452;100.682;101.226;0.297 ms
759;99.004;100.700;101.166;0.278 ms
760;100.230;100.736;104.991;0.559 ms
761;100.262;100.671;101.172;0.195 ms
762;100.320;100.702;101.219;0.200 ms
763;99.158;100.689;101.293;0.292 ms
764;99.747;100.685;101.199;0.261 ms
765;100.354;100.705;101.334;0.228 ms
766;99.497;100.723;101.281;0.261 ms
767;99.322;100.666;101.321;0.267 ms
768;99.555;100.645;101.022;0.230 ms
769;100.386;101.040;118.958;2.095 ms
770;99.315;101.124;124.036;2.682 ms
771;100.012;100.715;101.209;0.227 ms
772;99.273;100.676;101.216;0.290 ms
773;99.326;100.724;105.443;0.600 ms
774;99.907;100.654;101.558;0.239 ms
775;100.227;100.684;101.279;0.227 ms
776;100.198;100.670;101.157;0.201 ms
777;100.277;100.687;101.228;0.205 ms
778;99.389;101.043;125.017;2.800 ms
779;100.066;100.721;101.195;0.197 ms
780;100.226;100.762;101.259;0.233 ms
781;100.476;100.869;101.679;0.221 ms
782;100.483;100.857;101.215;0.205 ms
783;99.159;100.641;101.112;0.269 ms
784;100.156;100.841;101.591;0.254 ms
785;100.482;100.850;101.574;0.234 ms
786;100.383;100.853;101.331;0.212 ms
787;100.446;100.887;101.535;0.218 ms
788;99.850;100.850;101.534;0.246 ms
789;99.605;100.812;101.416;0.290 ms
790;99.834;101.296;132.144;3.593 ms
791;99.825;100.889;101.438;0.226 ms
792;100.482;100.893;101.534;0.220 ms
793;100.489;100.858;101.449;0.208 ms
794;100.343;100.855;101.317;0.206 ms
795;99.839;100.805;101.302;0.267 ms
796;100.415;100.794;101.239;0.208 ms
797;99.792;100.855;101.381;0.214 ms
798;100.499;100.832;101.621;0.218 ms
799;100.476;100.891;101.305;0.207 ms
800;100.397;100.917;101.322;0.215 ms
801;100.350;100.889;101.476;0.240 ms
802;99.642;100.978;111.264;1.230 ms
803;100.489;100.903;101.309;0.203 ms
804;100.161;100.998;108.304;0.881 ms
805;100.296;100.791;101.670;0.265 ms
806;100.018;100.830;101.461;0.243 ms
807;99.471;100.710;101.218;0.256 ms
808;100.274;100.741;102.265;0.269 ms
809;100.174;100.730;101.245;0.211 ms
810;100.246;100.725;103.613;0.399 ms
811;100.250;100.703;101.217;0.212 ms
812;100.341;100.734;101.219;0.223 ms
813;100.230;100.769;101.364;0.228 ms
814;100.349;100.755;101.245;0.191 ms
815;100.336;100.720;101.212;0.207 ms
816;100.372;100.830;101.327;0.235 ms
817;100.472;100.892;101.590;0.219 ms
818;99.111;100.806;101.267;0.357 ms
819;100.462;100.994;105.611;0.581 ms
820;100.469;100.939;101.433;0.230 ms
821;99.150;100.771;101.450;0.504 ms
822;99.237;100.713;101.426;0.486 ms
823;99.114;100.958;101.938;0.363 ms
824;100.485;100.918;101.312;0.206 ms
825;100.530;100.913;101.407;0.223 ms
826;100.318;100.899;101.714;0.225 ms
827;99.216;100.827;101.728;0.299 ms
828;100.346;100.899;101.422;0.204 ms
829;99.529;100.903;101.462;0.262 ms
830;100.312;100.957;101.587;0.228 ms
831;99.016;100.708;101.204;0.295 ms
832;100.281;100.749;101.512;0.244 ms
833;100.289;100.703;101.201;0.215 ms
834;100.288;101.077;126.069;2.912 ms
835;100.202;100.679;101.292;0.191 ms
836;100.292;100.735;101.468;0.218 ms
837;100.336;100.739;101.135;0.170 ms
838;99.933;100.714;101.469;0.223 ms
839;100.167;100.695;101.231;0.236 ms
840;100.422;100.750;101.202;0.177 ms
841;100.386;100.704;101.162;0.194 ms
842;100.197;100.792;101.787;0.263 ms
843;99.706;100.765;101.328;0.250 ms
844;100.446;100.814;101.862;0.232 ms
845;100.316;100.726;101.219;0.201 ms
846;100.290;100.713;101.295;0.217 ms
847;100.296;100.716;101.174;0.188 ms
848;99.725;100.711;101.207;0.222 ms
849;100.301;100.724;101.192;0.207 ms
850;100.203;100.768;101.295;0.188 ms
851;100.366;100.757;101.335;0.213 ms
852;100.123;100.697;101.151;0.221 ms
853;100.200;100.713;101.202;0.206 ms
854;100.356;100.781;101.444;0.228 ms
855;100.336;101.061;125.802;2.882 ms
856;100.368;100.758;101.252;0.203 ms
857;99.157;100.706;101.230;0.279 ms
858;99.937;100.732;102.439;0.310 ms
859;99.133;100.724;101.132;0.260 ms
860;100.342;101.058;122.137;2.468 ms
861;100.347;100.735;101.273;0.226 ms
862;100.329;100.993;117.106;1.883 ms
863;99.194;100.722;101.248;0.280 ms
864;100.264;100.725;101.245;0.209 ms
865;100.346;100.763;101.230;0.202 ms
866;100.379;100.785;101.247;0.193 ms
867;100.179;100.741;101.251;0.221 ms
868;100.345;100.719;101.331;0.211 ms
869;100.019;100.737;101.248;0.214 ms
870;100.416;100.736;101.215;0.188 ms
871;100.300;101.084;122.985;2.556 ms
872;99.145;100.768;101.176;0.282 ms
873;100.335;100.783;101.431;0.217 ms
874;100.327;101.082;126.362;2.946 ms
875;100.416;101.090;122.780;2.529 ms
876;99.023;100.748;101.228;0.287 ms
877;100.408;100.765;101.297;0.205 ms
878;100.231;100.738;101.296;0.207 ms
879;100.250;100.710;101.427;0.231 ms
880;100.324;100.837;108.425;0.904 ms
881;100.336;100.743;101.161;0.200 ms
882;100.305;100.741;101.174;0.207 ms
883;100.307;100.681;101.231;0.197 ms
884;100.326;100.704;101.166;0.201 ms
885;100.238;100.782;103.394;0.367 ms
886;99.892;100.736;101.618;0.241 ms
887;100.262;100.793;101.686;0.242 ms
888;100.357;100.774;101.308;0.193 ms
889;99.582;100.706;101.213;0.243 ms
890;98.946;100.671;101.194;0.282 ms
891;100.325;100.765;101.229;0.215 ms
892;100.174;100.731;101.140;0.188 ms
893;100.421;100.723;101.217;0.190 ms
894;100.212;100.700;101.102;0.203 ms
895;98.877;100.722;101.277;0.289 ms
896;100.378;100.756;101.207;0.202 ms
897;100.139;100.765;101.247;0.210 ms
898;100.527;100.917;101.254;0.173 ms
899;100.639;100.989;101.505;0.187 ms
900;100.342;100.678;101.043;0.187 ms
901;100.370;100.709;101.155;0.201 ms
902;99.240;100.753;101.304;0.287 ms
903;100.298;100.751;101.770;0.237 ms
904;100.261;100.790;101.412;0.231 ms
905;100.109;100.744;101.145;0.209 ms
906;100.315;100.741;101.158;0.204 ms
907;98.962;100.721;101.301;0.305 ms
908;100.418;100.778;101.202;0.188 ms
909;100.376;100.885;101.294;0.204 ms
910;100.489;100.949;101.449;0.210 ms
911;100.289;100.929;101.546;0.220 ms
912;100.606;100.968;101.804;0.205 ms
913;99.426;100.885;101.512;0.272 ms
914;99.996;100.859;101.304;0.236 ms
915;100.510;100.951;101.573;0.216 ms
916;99.405;100.925;101.442;0.282 ms
917;100.501;100.918;101.544;0.215 ms
918;100.348;100.867;101.251;0.206 ms
919;100.305;100.781;101.221;0.222 ms
920;100.335;100.682;101.210;0.199 ms
921;100.184;100.654;101.193;0.196 ms
922;100.245;100.663;101.055;0.193 ms
923;100.370;100.729;101.330;0.187 ms
924;100.018;100.682;101.176;0.202 ms
925;100.314;100.669;101.133;0.182 ms
926;99.887;100.627;101.032;0.210 ms
927;100.255;100.651;101.141;0.197 ms
928;100.401;100.771;101.334;0.217 ms
929;100.362;100.739;101.156;0.183 ms
930;100.254;100.743;101.215;0.197 ms
931;100.282;100.847;106.175;0.665 ms
932;100.392;100.798;101.209;0.195 ms
933;100.271;100.801;101.434;0.209 ms
934;100.338;101.011;114.579;1.594 ms
935;100.385;100.831;101.333;0.213 ms
936;100.354;100.782;101.300;0.187 ms
937;100.322;100.771;101.184;0.204 ms
938;100.326;100.893;101.445;0.227 ms
939;100.501;100.960;101.613;0.199 ms
940;100.452;100.999;103.060;0.312 ms
941;100.384;100.947;101.324;0.201 ms
942;100.421;101.133;115.799;1.856 ms
943;99.823;100.780;101.261;0.221 ms
944;100.202;100.796;101.253;0.196 ms
945;100.254;100.766;101.213;0.235 ms
946;100.345;100.777;101.499;0.226 ms
947;99.143;100.726;101.251;0.273 ms
948;100.396;100.739;101.217;0.178 ms
949;100.302;100.759;101.432;0.219 ms
950;100.396;100.826;101.444;0.223 ms
951;100.288;100.855;101.327;0.207 ms
952;99.336;100.950;101.561;0.269 ms
953;100.351;100.905;101.509;0.242 ms
954;100.486;100.920;101.471;0.198 ms
955;100.429;100.972;101.598;0.222 ms
956;100.553;100.982;101.460;0.212 ms
957;100.536;101.003;106.766;0.706 ms
958;100.012;101.024;106.277;0.647 ms
959;100.490;100.923;101.653;0.230 ms
960;100.279;100.916;101.302;0.201 ms
961;99.135;100.875;101.661;0.289 ms
962;100.374;100.930;101.443;0.220 ms
963;100.373;100.934;101.482;0.226 ms
964;99.644;100.933;101.337;0.250 ms
965;100.527;100.971;101.316;0.176 ms
966;100.533;100.955;101.674;0.207 ms
967;100.532;100.947;101.472;0.236 ms
968;100.489;101.015;106.649;0.687 ms
969;100.573;100.977;101.334;0.194 ms
970;100.018;100.913;101.335;0.250 ms
971;99.177;100.708;101.456;0.538 ms
972;100.361;100.903;101.455;0.211 ms
973;100.504;100.936;101.439;0.172 ms
974;100.542;100.997;101.437;0.204 ms
975;100.466;101.291;124.726;2.731 ms
976;99.349;100.921;101.546;0.273 ms
977;100.445;101.098;116.466;1.797 ms
978;99.319;101.214;121.513;2.376 ms
979;100.606;100.981;101.448;0.184 ms
980;100.462;100.950;101.449;0.204 ms
981;100.137;100.949;101.549;0.209 ms
982;99.802;101.019;104.012;0.419 ms
983;100.494;101.005;101.591;0.251 ms
984;100.537;100.982;101.654;0.220 ms
985;100.545;100.961;101.457;0.234 ms
986;100.561;101.032;101.643;0.231 ms
987;100.671;101.031;101.584;0.194 ms
988;100.516;101.000;102.826;0.297 ms
989;100.535;100.937;101.438;0.195 ms
990;100.488;100.983;101.532;0.219 ms
991;100.519;100.972;101.333;0.179 ms
992;100.559;101.341;127.416;3.037 ms
993;100.418;100.992;101.539;0.225 ms
994;100.527;100.976;101.555;0.190 ms
995;100.498;101.059;106.865;0.706 ms
996;100.620;100.997;101.500;0.177 ms
997;99.667;100.918;102.090;0.286 ms
998;100.643;101.214;109.109;1.283 ms
999;100.537;100.953;101.468;0.198 ms
1000;100.511;100.946;101.306;0.192 ms
1001;100.508;101.011;101.467;0.226 ms
1002;99.522;100.959;101.496;0.246 ms
1003;99.820;100.953;101.332;0.243 ms
1004;100.544;100.938;101.467;0.179 ms
1005;100.529;100.959;101.580;0.196 ms
1006;100.537;100.955;101.722;0.221 ms
1007;99.162;100.803;101.552;0.458 ms
1008;99.493;100.899;101.339;0.266 ms
1009;100.495;100.954;101.389;0.203 ms
1010;100.593;100.973;101.451;0.200 ms
1011;100.321;100.935;101.440;0.224 ms
1012;100.595;100.960;101.589;0.229 ms
1013;100.548;100.951;101.983;0.233 ms
1014;100.407;100.894;101.379;0.231 ms
1015;99.709;100.811;101.450;0.271 ms
1016;100.407;100.813;101.218;0.171 ms
1017;100.098;100.819;101.328;0.231 ms
1018;100.294;100.783;101.481;0.211 ms
1019;100.429;100.775;101.245;0.186 ms
1020;100.400;100.871;101.259;0.214 ms
1021;99.804;101.121;103.509;0.546 ms
1022;100.561;101.033;101.958;0.252 ms
1023;100.544;101.107;112.969;1.401 ms
1024;100.547;100.989;101.595;0.204 ms
1025;100.536;100.954;101.716;0.210 ms
1026;100.568;100.967;101.620;0.223 ms
1027;100.510;101.169;118.782;2.057 ms
1028;100.372;100.847;101.287;0.228 ms
1029;100.340;100.801;101.531;0.245 ms
1030;100.395;100.813;101.563;0.224 ms
1031;100.456;100.799;101.210;0.184 ms
1032;100.350;100.836;101.266;0.192 ms
1033;100.466;100.863;101.952;0.232 ms
1034;100.312;100.818;101.701;0.239 ms
1035;100.398;100.825;101.242;0.208 ms
1036;100.401;100.805;101.258;0.196 ms
1037;100.451;100.885;101.560;0.230 ms
1038;100.502;100.980;101.761;0.232 ms
1039;100.539;101.029;101.907;0.274 ms
1040;100.494;101.006;101.778;0.228 ms
1041;100.579;100.971;101.456;0.191 ms
1042;100.529;100.940;101.403;0.194 ms
1043;100.505;100.968;101.343;0.190 ms
1044;100.520;101.049;101.571;0.204 ms
1045;100.214;100.946;101.342;0.224 ms
1046;100.506;101.037;107.380;0.771 ms
1047;100.564;100.919;101.406;0.168 ms
1048;100.124;100.995;101.574;0.247 ms
1049;99.450;100.873;101.450;0.267 ms
1050;100.514;101.003;101.540;0.195 ms
1051;100.544;101.273;121.571;2.370 ms
1052;99.096;100.886;101.331;0.318 ms
1053;100.554;100.977;101.560;0.204 ms
1054;100.602;100.989;101.483;0.196 ms
1055;100.582;101.109;110.257;1.092 ms
1056;100.090;100.966;103.513;0.384 ms
1057;100.381;100.972;101.516;0.222 ms
1058;99.342;100.915;101.539;0.316 ms
1059;100.567;100.982;101.600;0.206 ms
1060;100.565;100.940;102.342;0.272 ms
1061;100.236;100.994;101.665;0.222 ms
1062;100.017;100.926;101.423;0.244 ms
1063;100.518;100.910;101.435;0.223 ms
1064;100.411;100.882;101.304;0.211 ms
1065;99.192;100.791;101.352;0.331 ms
1066;100.381;100.824;101.917;0.300 ms
1067;100.400;100.961;101.805;0.308 ms
1068;100.387;100.827;101.332;0.232 ms
1069;98.992;100.759;101.391;0.301 ms
1070;100.371;100.854;103.458;0.385 ms
1071;100.369;100.809;101.253;0.207 ms
1072;100.358;100.796;101.245;0.211 ms
1073;100.161;100.924;101.701;0.253 ms
1074;100.550;100.958;101.903;0.231 ms
1075;100.476;101.288;127.592;3.064 ms
1076;100.569;101.000;101.633;0.197 ms
1077;99.455;100.921;101.512;0.276 ms
1078;100.411;100.838;101.333;0.194 ms
1079;100.430;100.799;101.271;0.200 ms
1080;100.343;100.747;101.155;0.187 ms
1081;100.280;100.786;101.257;0.204 ms
1082;99.627;101.124;121.491;2.378 ms
1083;100.449;100.863;102.182;0.260 ms
1084;99.020;100.785;101.332;0.364 ms
1085;99.644;100.798;101.259;0.252 ms
1086;99.066;100.768;101.331;0.378 ms
1087;100.408;100.864;101.292;0.207 ms
1088;100.520;100.852;101.476;0.199 ms
1089;99.317;101.091;122.275;2.475 ms
1090;100.374;100.822;101.594;0.246 ms
1091;100.383;100.801;101.284;0.189 ms
1092;100.405;100.807;101.337;0.227 ms
1093;100.386;100.854;106.688;0.710 ms
1094;100.289;100.788;101.344;0.219 ms
1095;100.327;100.738;101.192;0.191 ms
1096;100.279;100.725;101.216;0.216 ms
1097;100.370;100.767;101.262;0.195 ms
1098;100.160;100.761;101.213;0.210 ms
1099;100.308;100.759;101.488;0.230 ms
1100;100.335;100.819;101.546;0.219 ms
1101;100.456;100.829;101.566;0.217 ms
1102;99.940;100.867;101.400;0.256 ms
1103;100.330;100.843;101.423;0.221 ms
1104;100.420;100.848;101.363;0.226 ms
1105;100.334;100.885;103.908;0.407 ms
1106;100.370;100.854;101.486;0.234 ms
1107;100.322;100.822;101.799;0.234 ms
1108;100.373;100.764;101.237;0.216 ms
1109;100.450;100.842;101.315;0.212 ms
1110;99.171;100.808;101.250;0.260 ms
1111;100.301;100.823;101.333;0.211 ms
1112;100.362;100.880;102.245;0.305 ms
1113;100.392;100.925;101.685;0.246 ms
1114;100.404;100.852;101.554;0.230 ms
1115;100.278;100.920;105.716;0.607 ms
1116;99.201;100.785;101.254;0.254 ms
1117;100.460;100.846;101.540;0.201 ms
1118;100.256;100.811;101.215;0.197 ms
1119;100.295;101.047;120.554;2.277 ms
1120;100.448;100.910;106.500;0.673 ms
1121;100.427;100.892;101.629;0.231 ms
1122;100.180;100.783;101.314;0.217 ms
1123;100.249;100.794;101.578;0.254 ms
1124;99.616;100.759;101.405;0.271 ms
1125;100.456;100.945;101.464;0.224 ms
1126;100.388;100.996;101.446;0.210 ms
1127;100.569;100.969;101.600;0.225 ms
1128;100.380;100.942;101.434;0.227 ms
1129;100.271;100.858;101.417;0.223 ms
1130;100.323;100.830;101.261;0.204 ms
1131;99.922;100.819;101.289;0.213 ms
1132;100.448;100.876;101.271;0.216 ms
1133;100.353;100.820;101.237;0.188 ms
1134;100.505;100.860;101.305;0.185 ms
1135;100.283;100.821;101.569;0.231 ms
1136;100.262;100.821;101.403;0.222 ms
1137;100.463;100.853;101.274;0.218 ms
1138;100.360;100.926;101.755;0.255 ms
1139;100.466;100.854;101.322;0.206 ms
1140;100.364;100.881;101.498;0.240 ms
1141;100.439;101.044;114.971;1.631 ms
1142;100.375;100.834;101.231;0.200 ms
1143;100.382;100.942;111.778;1.277 ms
1144;100.471;100.858;101.622;0.247 ms
1145;100.291;100.747;101.215;0.203 ms
1146;100.453;100.843;101.723;0.233 ms
1147;100.384;100.834;101.325;0.231 ms
1148;100.481;100.914;101.334;0.204 ms
1149;100.452;100.847;101.489;0.200 ms
1150;100.417;100.820;101.353;0.222 ms
1151;100.307;100.818;101.511;0.224 ms
1152;100.328;100.793;101.478;0.224 ms
1153;100.393;100.770;101.489;0.223 ms
1154;99.850;100.763;101.255;0.220 ms
1155;100.138;100.799;101.748;0.242 ms
1156;99.981;100.813;101.430;0.239 ms
1157;100.355;100.766;101.449;0.220 ms
1158;100.019;100.880;101.582;0.247 ms
1159;100.308;100.832;101.576;0.260 ms
1160;100.229;100.788;101.213;0.216 ms
1161;100.356;100.841;101.493;0.246 ms
1162;100.241;100.801;101.577;0.265 ms
1163;99.775;100.783;101.578;0.275 ms
1164;100.330;100.818;101.658;0.236 ms
1165;100.220;100.753;101.315;0.215 ms
1166;100.284;100.818;101.412;0.222 ms
1167;100.203;100.807;101.442;0.221 ms
1168;100.490;100.895;101.550;0.224 ms
1169;100.344;100.820;101.320;0.218 ms
1170;99.948;100.862;101.476;0.233 ms
1171;99.990;100.878;101.566;0.241 ms
1172;100.315;100.816;101.799;0.289 ms
1173;100.366;100.847;101.523;0.241 ms
1174;100.327;100.849;101.245;0.212 ms
1175;100.472;100.909;101.415;0.220 ms
1176;100.372;100.865;101.645;0.222 ms
1177;100.379;100.799;101.821;0.251 ms
1178;100.493;100.899;101.518;0.208 ms
1179;98.941;100.833;105.451;0.632 ms
1180;100.314;100.876;102.183;0.271 ms
1181;100.395;100.834;101.513;0.201 ms
1182;100.274;100.831;102.146;0.278 ms
1183;100.474;100.878;101.575;0.214 ms
1184;100.360;100.839;101.743;0.252 ms
1185;100.417;100.892;102.331;0.267 ms
1186;100.375;100.873;102.306;0.321 ms
1187;100.506;100.860;101.435;0.222 ms
1188;100.297;101.160;126.855;2.994 ms
1189;99.483;101.165;127.457;3.087 ms
1190;100.395;100.815;101.211;0.188 ms
1191;100.078;100.811;101.291;0.231 ms
1192;99.527;100.772;101.476;0.289 ms
1193;100.401;100.808;101.503;0.239 ms
1194;100.392;100.819;101.259;0.199 ms
1195;99.587;100.792;101.321;0.263 ms
1196;100.439;100.859;101.465;0.206 ms
1197;99.076;100.807;101.333;0.284 ms
1198;100.402;100.820;101.305;0.215 ms
1199;100.285;100.858;101.552;0.241 ms
1200;100.447;100.915;101.736;0.228 ms
1201;100.425;100.817;101.609;0.249 ms
1202;100.352;100.926;101.886;0.298 ms
1203;100.468;100.862;101.769;0.239 ms
1204;100.518;100.885;101.584;0.226 ms
1205;100.347;100.924;101.602;0.244 ms
1206;100.332;100.840;101.724;0.233 ms
1207;100.302;100.872;101.787;0.252 ms
1208;100.458;100.841;101.319;0.206 ms
1209;100.442;100.866;101.490;0.218 ms
1210;100.380;100.837;101.459;0.219 ms
1211;100.350;100.804;101.330;0.209 ms
1212;100.355;100.810;101.553;0.239 ms
1213;100.523;100.840;101.206;0.172 ms
1214;100.351;100.850;101.789;0.241 ms
1215;100.501;101.011;101.999;0.271 ms
1216;100.412;101.008;101.485;0.218 ms
1217;100.687;101.032;101.768;0.213 ms
1218;99.669;100.975;101.593;0.284 ms
1219;100.572;100.984;101.655;0.217 ms
1220;100.652;101.055;103.383;0.328 ms
1221;100.569;100.992;101.582;0.229 ms
1222;100.583;101.072;101.727;0.219 ms
1223;100.458;100.942;101.754;0.250 ms
1224;99.131;100.657;101.262;0.471 ms
1225;100.394;100.849;101.238;0.218 ms
1226;100.426;100.809;101.702;0.223 ms
1227;99.260;100.831;101.306;0.282 ms
1228;100.439;100.860;101.470;0.215 ms
1229;100.413;100.886;101.638;0.226 ms
1230;99.359;100.827;101.375;0.284 ms
1231;100.137;100.827;101.334;0.220 ms
1232;100.419;100.813;101.411;0.211 ms
1233;99.292;100.809;101.448;0.478 ms
1234;100.650;101.120;105.828;0.601 ms
1235;99.446;100.735;101.762;0.396 ms
1236;100.460;100.879;101.473;0.204 ms
1237;100.483;100.892;101.479;0.236 ms
1238;100.461;100.836;101.352;0.202 ms
1239;100.442;100.849;101.844;0.250 ms
1240;100.390;100.821;101.230;0.202 ms
1241;100.381;100.830;101.422;0.200 ms
1242;100.327;100.844;101.605;0.256 ms
1243;100.387;100.828;101.812;0.218 ms
1244;100.382;100.926;101.669;0.265 ms
1245;100.498;101.004;101.456;0.220 ms
1246;100.376;100.958;101.733;0.229 ms
1247;99.937;100.831;101.566;0.238 ms
1248;100.384;100.853;101.525;0.226 ms
1249;100.427;100.843;101.299;0.210 ms
1250;100.401;100.920;106.015;0.641 ms
1251;100.304;100.856;101.847;0.263 ms
1252;100.399;100.823;101.334;0.206 ms
1253;100.378;100.897;101.807;0.243 ms
1254;100.446;100.891;101.692;0.236 ms
1255;100.431;100.881;101.688;0.225 ms
1256;99.764;100.909;101.420;0.265 ms
1257;100.583;100.911;101.450;0.185 ms
1258;100.530;100.916;101.343;0.193 ms
1259;100.458;100.788;101.574;0.207 ms
1260;100.426;100.813;101.214;0.204 ms
1261;100.449;100.817;101.721;0.221 ms
1262;100.449;100.807;101.336;0.182 ms
1263;100.397;100.796;101.310;0.202 ms
1264;100.435;100.819;101.308;0.179 ms
1265;100.439;100.870;101.937;0.258 ms
1266;100.440;100.827;101.705;0.240 ms
1267;99.990;100.805;101.516;0.241 ms
1268;100.486;100.900;101.518;0.236 ms
1269;100.527;100.937;101.485;0.201 ms
1270;100.570;100.923;101.484;0.220 ms
1271;100.375;100.880;101.447;0.219 ms
1272;100.458;100.846;101.270;0.186 ms
1273;100.289;100.775;101.280;0.210 ms
1274;100.419;100.872;101.339;0.202 ms
1275;100.277;100.886;105.687;0.617 ms
1276;100.345;100.849;101.243;0.194 ms
1277;100.401;100.810;101.464;0.220 ms
1278;100.407;100.830;101.290;0.201 ms
1279;100.325;100.816;101.335;0.219 ms
1280;100.461;100.909;101.556;0.238 ms
1281;100.300;101.023;101.757;0.240 ms
1282;100.618;101.094;102.581;0.287 ms
1283;100.294;100.942;101.522;0.282 ms
1284;100.343;101.036;115.094;1.653 ms
1285;100.438;100.924;106.201;0.658 ms
1286;100.335;100.842;101.256;0.204 ms
1287;100.361;100.803;101.551;0.255 ms
1288;100.386;101.122;120.733;2.289 ms
1289;99.678;100.828;101.877;0.290 ms
1290;100.315;100.864;103.950;0.417 ms
1291;99.158;100.840;101.683;0.318 ms
1292;99.053;100.804;101.543;0.349 ms
1293;100.329;100.838;102.441;0.349 ms
1294;99.002;100.555;101.328;0.585 ms
1295;99.018;100.552;101.612;0.599 ms
1296;99.187;100.631;101.230;0.364 ms
1297;100.430;100.916;101.455;0.233 ms
1298;99.115;100.706;101.311;0.371 ms
1299;98.988;100.567;101.342;0.468 ms
1300;98.883;100.648;101.314;0.449 ms
1301;99.020;100.593;101.568;0.593 ms
1302;98.992;100.563;101.181;0.549 ms
1303;99.072;100.648;102.816;0.595 ms
1304;100.435;100.870;101.312;0.220 ms
1305;99.123;101.275;136.999;4.170 ms
1306;98.975;100.393;101.263;0.667 ms
1307;99.093;100.519;101.436;0.551 ms
1308;100.417;101.142;120.630;2.277 ms
1309;100.401;100.864;101.511;0.230 ms
1310;99.277;100.817;101.839;0.379 ms
1311;99.747;100.821;102.375;0.321 ms
1312;99.017;100.366;101.308;0.706 ms
1313;99.026;100.574;101.520;0.579 ms
1314;99.025;100.344;101.557;0.738 ms
1315;99.000;100.339;101.431;0.721 ms
1316;99.074;100.517;101.644;0.613 ms
1317;99.055;100.760;101.712;0.466 ms
1318;99.884;100.879;101.454;0.242 ms
1319;99.334;100.787;101.271;0.343 ms
1320;99.077;100.508;101.480;0.632 ms
1321;99.045;100.609;103.116;0.660 ms
1322;99.114;100.776;101.343;0.357 ms
1323;99.133;100.756;101.321;0.402 ms
1324;99.084;100.922;109.738;1.062 ms
1325;100.364;100.830;101.268;0.210 ms
1326;100.396;100.832;101.504;0.192 ms
1327;100.431;100.863;101.501;0.208 ms
1328;100.397;100.846;101.701;0.229 ms
1329;100.494;100.889;102.590;0.297 ms
1330;100.661;101.010;101.340;0.168 ms
1331;100.664;101.010;102.263;0.242 ms
1332;100.511;101.036;101.686;0.216 ms
1333;100.572;100.973;101.620;0.213 ms
1334;100.564;101.026;101.658;0.229 ms
1335;100.429;101.072;106.203;0.654 ms
1336;100.520;100.986;101.620;0.209 ms
1337;100.542;101.030;101.503;0.220 ms
1338;100.537;100.951;101.463;0.203 ms
1339;100.555;101.042;101.849;0.240 ms
1340;100.555;101.043;101.941;0.252 ms
1341;100.488;101.006;101.630;0.233 ms
1342;99.508;101.218;119.920;2.189 ms
1343;100.473;101.036;101.799;0.259 ms
1344;100.520;101.004;101.570;0.215 ms
1345;100.472;100.997;101.831;0.244 ms
1346;100.510;100.952;101.715;0.220 ms
1347;100.555;100.993;101.559;0.220 ms
1348;99.114;100.851;101.493;0.363 ms
1349;100.465;100.878;101.715;0.251 ms
1350;100.511;100.848;101.611;0.209 ms
1351;100.360;100.838;101.563;0.215 ms
1352;99.141;100.768;101.325;0.313 ms
1353;100.347;100.819;101.334;0.199 ms
1354;100.473;100.806;101.435;0.209 ms
1355;100.355;100.803;101.246;0.212 ms
1356;100.407;100.812;101.309;0.182 ms
1357;100.526;100.908;101.425;0.216 ms
1358;100.471;101.142;113.446;1.445 ms
1359;100.452;100.855;101.320;0.199 ms
1360;100.330;100.858;101.321;0.217 ms
1361;100.206;100.850;101.633;0.257 ms
1362;100.440;100.856;101.820;0.250 ms
1363;100.525;100.854;101.457;0.191 ms
1364;100.438;100.894;101.449;0.219 ms
1365;100.365;100.819;101.332;0.185 ms
1366;100.382;100.838;101.416;0.222 ms
1367;100.279;100.830;101.540;0.214 ms
1368;100.382;100.875;101.330;0.205 ms
1369;100.506;101.005;104.540;0.456 ms
1370;100.544;101.018;105.168;0.697 ms
1371;99.970;100.835;101.521;0.234 ms
1372;100.382;100.828;101.445;0.233 ms
1373;100.436;100.839;101.329;0.206 ms
1374;100.473;100.861;101.430;0.210 ms
1375;100.298;100.857;101.875;0.255 ms
1376;100.270;100.778;101.334;0.210 ms
1377;100.395;100.807;101.458;0.228 ms
1378;100.485;100.891;101.637;0.248 ms
1379;100.486;100.902;101.500;0.237 ms
1380;100.491;100.900;101.641;0.205 ms
1381;98.974;100.883;102.084;0.355 ms
1382;100.501;100.897;101.410;0.201 ms
1383;100.477;100.827;101.420;0.204 ms
1384;100.467;100.888;101.802;0.228 ms
1385;99.510;100.812;101.578;0.255 ms
1386;100.499;100.854;101.525;0.234 ms
1387;100.315;100.784;101.249;0.227 ms
1388;100.316;100.784;101.329;0.224 ms
1389;100.404;100.895;101.614;0.215 ms
1390;100.543;101.002;101.916;0.243 ms
1391;100.524;101.028;101.573;0.216 ms
1392;100.667;101.104;101.758;0.255 ms
1393;100.478;100.942;101.495;0.242 ms
1394;99.086;100.816;101.283;0.274 ms
1395;100.475;100.853;101.735;0.231 ms
1396;100.345;100.830;101.680;0.240 ms
1397;99.347;100.837;101.720;0.291 ms
1398;100.449;100.849;101.631;0.226 ms
1399;99.373;100.837;104.476;0.502 ms
1400;99.179;100.921;108.708;0.957 ms
1401;100.514;100.897;101.567;0.196 ms
1402;100.077;100.864;102.426;0.284 ms
1403;100.229;101.064;111.925;1.289 ms
1404;100.276;100.888;101.851;0.238 ms
1405;100.447;100.889;102.443;0.260 ms
1406;100.325;100.770;101.213;0.179 ms
1407;100.310;100.838;101.463;0.229 ms
1408;100.492;100.827;101.543;0.210 ms
1409;100.384;100.801;101.890;0.244 ms
1410;100.400;100.870;101.310;0.213 ms
1411;100.463;100.878;101.563;0.209 ms
1412;100.511;100.842;101.316;0.194 ms
1413;100.491;100.881;101.349;0.219 ms
1414;100.404;100.836;101.384;0.201 ms
1415;100.407;100.911;108.732;0.936 ms
1416;100.324;100.860;101.834;0.248 ms
1417;100.479;100.893;101.346;0.210 ms
1418;100.453;100.914;101.491;0.225 ms
1419;100.443;101.391;127.252;3.126 ms
1420;100.454;101.017;102.700;0.387 ms
1421;100.507;100.891;101.869;0.263 ms
1422;100.426;100.853;101.544;0.217 ms
1423;100.392;100.794;101.470;0.211 ms
1424;100.418;100.883;101.703;0.232 ms
1425;100.402;100.856;101.241;0.193 ms
1426;100.299;100.837;101.274;0.218 ms
1427;100.519;100.867;101.479;0.203 ms
1428;100.522;100.966;101.491;0.188 ms
1429;100.375;101.023;102.658;0.287 ms
1430;100.592;101.024;101.747;0.238 ms
1431;100.578;101.005;101.554;0.200 ms
1432;100.396;101.107;107.297;0.751 ms
1433;100.506;101.066;101.937;0.257 ms
1434;100.609;100.989;102.003;0.239 ms
1435;100.516;101.041;102.508;0.323 ms
1436;100.552;101.013;102.184;0.290 ms
1437;100.347;100.957;101.616;0.221 ms
1438;100.288;100.988;107.831;0.824 ms
1439;100.274;101.068;118.369;2.021 ms
1440;100.381;100.856;101.562;0.216 ms
1441;100.308;100.839;101.316;0.178 ms
1442;100.442;100.874;101.723;0.244 ms
1443;100.474;100.850;101.508;0.208 ms
1444;99.228;100.842;101.462;0.273 ms
1445;100.444;101.138;103.370;0.581 ms
1446;100.406;100.996;101.686;0.298 ms
1447;100.456;101.002;102.348;0.360 ms
1448;100.439;100.845;101.918;0.268 ms
1449;100.449;100.860;101.523;0.218 ms
1450;100.309;100.758;101.221;0.205 ms
1451;100.336;100.806;101.583;0.249 ms
1452;100.438;100.846;101.610;0.224 ms
1453;100.367;100.800;101.274;0.214 ms
1454;100.460;100.859;101.323;0.212 ms
1455;100.452;100.872;105.123;0.541 ms
1456;100.302;100.864;101.496;0.207 ms
1457;99.632;100.853;101.760;0.279 ms
1458;99.327;100.861;102.704;0.450 ms
1459;100.504;100.876;101.487;0.208 ms
1460;100.378;100.849;101.750;0.254 ms
1461;100.500;101.235;127.600;3.074 ms
1462;100.481;100.888;101.687;0.234 ms
1463;100.545;101.052;111.089;1.188 ms
1464;100.496;100.858;101.345;0.204 ms
1465;100.487;100.971;102.487;0.318 ms
1466;100.397;100.950;101.859;0.295 ms
1467;100.410;100.926;101.740;0.256 ms
1468;100.466;101.039;103.272;0.442 ms
1469;100.505;100.897;101.440;0.209 ms
1470;100.567;100.924;101.831;0.249 ms
1471;100.481;100.875;101.704;0.255 ms
1472;100.515;100.897;102.018;0.242 ms
